1 1708682142 0.000000 1 0.000000 0.000000 0.000000
2 1708682142 0.000000 1 0.000000 0.000000 0.000000
3 1708682142 0.000000 1 0.000000 0.000000 0.000000
4 1708682142 0.000000 1 0.000000 0.000000 0.000000
1 1708682143 0.000000 1 0.000000 0.000000 0.000000
2 1708682143 0.000000 1 0.000000 0.000000 0.000000
3 1708682143 0.000000 1 0.000000 0.000000 0.000000
4 1708682143 0.000000 1 0.000000 0.000000 0.000000
1 1708682144 0.000000 1 0.000000 0.000000 0.000000
2 1708682144 0.000000 1 0.000000 0.000000 0.000000
3 1708682144 0.000000 1 0.000000 0.000000 0.000000
4 1708682144 0.000000 1 0.000000 0.000000 0.000000
1 1708682145 1.000000 1 1.000000 1.000000 1.000000
2 1708682145 0.000000 1 0.000000 0.000000 0.000000
3 1708682145 0.000000 1 0.000000 0.000000 0.000000
4 1708682145 0.000000 1 0.000000 0.000000 0.000000
1 1708682146 1.000000 1 1.000000 1.000000 1.000000
2 1708682146 0.000000 1 0.000000 0.000000 0.000000
3 1708682146 0.000000 1 0.000000 0.000000 0.000000
4 1708682146 0.000000 1 0.000000 0.000000 0.000000
1 1708682147 1.000000 1 1.000000 1.000000 1.000000
2 1708682147 0.000000 1 0.000000 0.000000 0.000000
3 1708682147 0.000000 1 0.000000 0.000000 0.000000
4 1708682147 0.000000 1 0.000000 0.000000 0.000000
1 1708682148 1.000000 1 1.000000 1.000000 1.000000
2 1708682148 0.000000 1 0.000000 0.000000 0.000000
3 1708682148 0.000000 1 0.000000 0.000000 0.000000
4 1708682148 0.000000 1 0.000000 0.000000 0.000000
1 1708682149 1.000000 1 1.000000 1.000000 1.000000
2 1708682149 0.000000 1 0.000000 0.000000 0.000000
3 1708682149 0.000000 1 0.000000 0.000000 0.000000
4 1708682149 0.000000 1 0.000000 0.000000 0.000000
1 1708682150 1.000000 1 1.000000 1.000000 1.000000
2 1708682150 0.000000 1 0.000000 0.000000 0.000000
3 1708682150 0.000000 1 0.000000 0.000000 0.000000
4 1708682150 0.000000 1 0.000000 0.000000 0.000000
1 1708682151 1.000000 1 1.000000 1.000000 1.000000
2 1708682151 0.000000 1 0.000000 0.000000 0.000000
3 1708682151 0.000000 1 0.000000 0.000000 0.000000
4 1708682151 0.000000 1 0.000000 0.000000 0.000000
1 1708682152 1.000000 1 1.000000 1.000000 1.000000
2 1708682152 0.000000 1 0.000000 0.000000 0.000000
3 1708682152 0.000000 1 0.000000 0.000000 0.000000
4 1708682152 0.000000 1 0.000000 0.000000 0.000000
1 1708682153 1.000000 1 1.000000 1.000000 1.000000
2 1708682153 0.000000 1 0.000000 0.000000 0.000000
3 1708682153 0.000000 1 0.000000 0.000000 0.000000
4 1708682153 0.000000 1 0.000000 0.000000 0.000000
1 1708682154 1.000000 1 1.000000 1.000000 1.000000
2 1708682154 0.000000 1 0.000000 0.000000 0.000000
3 1708682154 0.000000 1 0.000000 0.000000 0.000000
4 1708682154 0.000000 1 0.000000 0.000000 0.000000
1 1708682155 1.000000 1 1.000000 1.000000 1.000000
2 1708682155 0.000000 1 0.000000 0.000000 0.000000
3 1708682155 0.000000 1 0.000000 0.000000 0.000000
4 1708682155 0.000000 1 0.000000 0.000000 0.000000
1 1708682156 1.000000 1 1.000000 1.000000 1.000000
2 1708682156 0.000000 1 0.000000 0.000000 0.000000
3 1708682156 0.000000 1 0.000000 0.000000 0.000000
4 1708682156 0.000000 1 0.000000 0.000000 0.000000
1 1708682157 1.000000 1 1.000000 1.000000 1.000000
2 1708682157 0.000000 1 0.000000 0.000000 0.000000
3 1708682157 0.000000 1 0.000000 0.000000 0.000000
4 1708682157 0.000000 1 0.000000 0.000000 0.000000
1 1708682158 2.000000 1 2.000000 2.000000 2.000000
2 1708682158 0.000000 1 0.000000 0.000000 0.000000
3 1708682158 0.000000 1 0.000000 0.000000 0.000000
4 1708682158 0.000000 1 0.000000 0.000000 0.000000
1 1708682159 2.000000 1 2.000000 2.000000 2.000000
2 1708682159 0.000000 1 0.000000 0.000000 0.000000
3 1708682159 0.000000 1 0.000000 0.000000 0.000000
4 1708682159 0.000000 1 0.000000 0.000000 0.000000
1 1708682160 2.000000 1 2.000000 2.000000 2.000000
2 1708682160 0.000000 1 0.000000 0.000000 0.000000
3 1708682160 0.000000 1 0.000000 0.000000 0.000000
4 1708682160 0.000000 1 0.000000 0.000000 0.000000
1 1708682161 2.000000 1 2.000000 2.000000 2.000000
2 1708682161 0.000000 1 0.000000 0.000000 0.000000
3 1708682161 0.000000 1 0.000000 0.000000 0.000000
4 1708682161 0.000000 1 0.000000 0.000000 0.000000
1 1708682162 2.000000 1 2.000000 2.000000 2.000000
2 1708682162 0.000000 1 0.000000 0.000000 0.000000
3 1708682162 0.000000 1 0.000000 0.000000 0.000000
4 1708682162 0.000000 1 0.000000 0.000000 0.000000
1 1708682163 2.000000 1 2.000000 2.000000 2.000000
2 1708682163 0.000000 1 0.000000 0.000000 0.000000
3 1708682163 0.000000 1 0.000000 0.000000 0.000000
4 1708682163 0.000000 1 0.000000 0.000000 0.000000
1 1708682164 2.000000 1 2.000000 2.000000 2.000000
2 1708682164 0.000000 1 0.000000 0.000000 0.000000
3 1708682164 0.000000 1 0.000000 0.000000 0.000000
4 1708682164 0.000000 1 0.000000 0.000000 0.000000
1 1708682165 2.000000 1 2.000000 2.000000 2.000000
2 1708682165 0.000000 1 0.000000 0.000000 0.000000
3 1708682165 0.000000 1 0.000000 0.000000 0.000000
4 1708682165 0.000000 1 0.000000 0.000000 0.000000
1 1708682166 2.000000 1 2.000000 2.000000 2.000000
2 1708682166 0.000000 1 0.000000 0.000000 0.000000
3 1708682166 0.000000 1 0.000000 0.000000 0.000000
4 1708682166 0.000000 1 0.000000 0.000000 0.000000
1 1708682167 2.000000 1 2.000000 2.000000 2.000000
2 1708682167 0.000000 1 0.000000 0.000000 0.000000
3 1708682167 0.000000 1 0.000000 0.000000 0.000000
4 1708682167 0.000000 1 0.000000 0.000000 0.000000
1 1708682168 2.000000 1 2.000000 2.000000 2.000000
2 1708682168 0.000000 1 0.000000 0.000000 0.000000
3 1708682168 0.000000 1 0.000000 0.000000 0.000000
4 1708682168 0.000000 1 0.000000 0.000000 0.000000
1 1708682169 2.000000 1 2.000000 2.000000 2.000000
2 1708682169 0.000000 1 0.000000 0.000000 0.000000
3 1708682169 0.000000 1 0.000000 0.000000 0.000000
4 1708682169 0.000000 1 0.000000 0.000000 0.000000
1 1708682170 2.000000 1 2.000000 2.000000 2.000000
2 1708682170 0.000000 1 0.000000 0.000000 0.000000
3 1708682170 0.000000 1 0.000000 0.000000 0.000000
4 1708682170 0.000000 1 0.000000 0.000000 0.000000
1 1708682171 2.000000 1 2.000000 2.000000 2.000000
2 1708682171 0.000000 1 0.000000 0.000000 0.000000
3 1708682171 0.000000 1 0.000000 0.000000 0.000000
4 1708682171 0.000000 1 0.000000 0.000000 0.000000
1 1708682172 2.000000 1 2.000000 2.000000 2.000000
2 1708682172 0.000000 1 0.000000 0.000000 0.000000
3 1708682172 0.000000 1 0.000000 0.000000 0.000000
4 1708682172 0.000000 1 0.000000 0.000000 0.000000
1 1708682173 3.000000 1 3.000000 3.000000 3.000000
2 1708682173 0.000000 1 0.000000 0.000000 0.000000
3 1708682173 0.000000 1 0.000000 0.000000 0.000000
4 1708682173 0.000000 1 0.000000 0.000000 0.000000
1 1708682174 3.000000 1 3.000000 3.000000 3.000000
2 1708682174 0.000000 1 0.000000 0.000000 0.000000
3 1708682174 0.000000 1 0.000000 0.000000 0.000000
4 1708682174 0.000000 1 0.000000 0.000000 0.000000
1 1708682175 3.000000 1 3.000000 3.000000 3.000000
2 1708682175 0.000000 1 0.000000 0.000000 0.000000
3 1708682175 0.000000 1 0.000000 0.000000 0.000000
4 1708682175 0.000000 1 0.000000 0.000000 0.000000
1 1708682176 3.000000 1 3.000000 3.000000 3.000000
2 1708682176 0.000000 1 0.000000 0.000000 0.000000
3 1708682176 0.000000 1 0.000000 0.000000 0.000000
4 1708682176 0.000000 1 0.000000 0.000000 0.000000
1 1708682177 3.000000 1 3.000000 3.000000 3.000000
2 1708682177 0.000000 1 0.000000 0.000000 0.000000
3 1708682177 0.000000 1 0.000000 0.000000 0.000000
4 1708682177 0.000000 1 0.000000 0.000000 0.000000
1 1708682178 3.000000 1 3.000000 3.000000 3.000000
2 1708682178 0.000000 1 0.000000 0.000000 0.000000
3 1708682178 0.000000 1 0.000000 0.000000 0.000000
4 1708682178 0.000000 1 0.000000 0.000000 0.000000
1 1708682179 3.000000 1 3.000000 3.000000 3.000000
2 1708682179 0.000000 1 0.000000 0.000000 0.000000
3 1708682179 0.000000 1 0.000000 0.000000 0.000000
4 1708682179 0.000000 1 0.000000 0.000000 0.000000
1 1708682180 3.000000 1 3.000000 3.000000 3.000000
2 1708682180 0.000000 1 0.000000 0.000000 0.000000
3 1708682180 0.000000 1 0.000000 0.000000 0.000000
4 1708682180 0.000000 1 0.000000 0.000000 0.000000
1 1708682181 3.000000 1 3.000000 3.000000 3.000000
2 1708682181 0.000000 1 0.000000 0.000000 0.000000
3 1708682181 0.000000 1 0.000000 0.000000 0.000000
4 1708682181 0.000000 1 0.000000 0.000000 0.000000
1 1708682182 3.000000 1 3.000000 3.000000 3.000000
2 1708682182 0.000000 1 0.000000 0.000000 0.000000
3 1708682182 0.000000 1 0.000000 0.000000 0.000000
4 1708682182 0.000000 1 0.000000 0.000000 0.000000
1 1708682183 3.000000 1 3.000000 3.000000 3.000000
2 1708682183 0.000000 1 0.000000 0.000000 0.000000
3 1708682183 0.000000 1 0.000000 0.000000 0.000000
4 1708682183 0.000000 1 0.000000 0.000000 0.000000
1 1708682184 3.000000 1 3.000000 3.000000 3.000000
2 1708682184 0.000000 1 0.000000 0.000000 0.000000
3 1708682184 0.000000 1 0.000000 0.000000 0.000000
4 1708682184 0.000000 1 0.000000 0.000000 0.000000
1 1708682185 3.000000 1 3.000000 3.000000 3.000000
2 1708682185 0.000000 1 0.000000 0.000000 0.000000
3 1708682185 0.000000 1 0.000000 0.000000 0.000000
4 1708682185 0.000000 1 0.000000 0.000000 0.000000
1 1708682186 3.000000 1 3.000000 3.000000 3.000000
2 1708682186 0.000000 1 0.000000 0.000000 0.000000
3 1708682186 0.000000 1 0.000000 0.000000 0.000000
4 1708682186 0.000000 1 0.000000 0.000000 0.000000
1 1708682187 3.000000 1 3.000000 3.000000 3.000000
2 1708682187 0.000000 1 0.000000 0.000000 0.000000
3 1708682187 0.000000 1 0.000000 0.000000 0.000000
4 1708682187 0.000000 1 0.000000 0.000000 0.000000
1 1708682188 3.000000 1 3.000000 3.000000 3.000000
2 1708682188 0.000000 1 0.000000 0.000000 0.000000
3 1708682188 0.000000 1 0.000000 0.000000 0.000000
4 1708682188 0.000000 1 0.000000 0.000000 0.000000
1 1708682189 3.000000 1 3.000000 3.000000 3.000000
2 1708682189 0.000000 1 0.000000 0.000000 0.000000
3 1708682189 0.000000 1 0.000000 0.000000 0.000000
4 1708682189 0.000000 1 0.000000 0.000000 0.000000
1 1708682190 3.000000 1 3.000000 3.000000 3.000000
2 1708682190 0.000000 1 0.000000 0.000000 0.000000
3 1708682190 0.000000 1 0.000000 0.000000 0.000000
4 1708682190 0.000000 1 0.000000 0.000000 0.000000
1 1708682191 3.000000 1 3.000000 3.000000 3.000000
2 1708682191 0.000000 1 0.000000 0.000000 0.000000
3 1708682191 0.000000 1 0.000000 0.000000 0.000000
4 1708682191 0.000000 1 0.000000 0.000000 0.000000
1 1708682192 3.000000 1 3.000000 3.000000 3.000000
2 1708682192 0.000000 1 0.000000 0.000000 0.000000
3 1708682192 0.000000 1 0.000000 0.000000 0.000000
4 1708682192 0.000000 1 0.000000 0.000000 0.000000
1 1708682193 3.000000 1 3.000000 3.000000 3.000000
2 1708682193 0.000000 1 0.000000 0.000000 0.000000
3 1708682193 0.000000 1 0.000000 0.000000 0.000000
4 1708682193 0.000000 1 0.000000 0.000000 0.000000
1 1708682194 3.000000 1 3.000000 3.000000 3.000000
2 1708682194 0.000000 1 0.000000 0.000000 0.000000
3 1708682194 0.000000 1 0.000000 0.000000 0.000000
4 1708682194 0.000000 1 0.000000 0.000000 0.000000
1 1708682195 3.000000 1 3.000000 3.000000 3.000000
2 1708682195 0.000000 1 0.000000 0.000000 0.000000
3 1708682195 0.000000 1 0.000000 0.000000 0.000000
4 1708682195 0.000000 1 0.000000 0.000000 0.000000
1 1708682197 3.000000 1 3.000000 3.000000 3.000000
2 1708682197 0.000000 1 0.000000 0.000000 0.000000
3 1708682197 0.000000 1 0.000000 0.000000 0.000000
4 1708682197 0.000000 1 0.000000 0.000000 0.000000
1 1708682198 3.000000 1 3.000000 3.000000 3.000000
2 1708682198 0.000000 1 0.000000 0.000000 0.000000
3 1708682198 0.000000 1 0.000000 0.000000 0.000000
4 1708682198 0.000000 1 0.000000 0.000000 0.000000
1 1708682199 3.000000 1 3.000000 3.000000 3.000000
2 1708682199 0.000000 1 0.000000 0.000000 0.000000
3 1708682199 0.000000 1 0.000000 0.000000 0.000000
4 1708682199 0.000000 1 0.000000 0.000000 0.000000
1 1708682200 3.000000 1 3.000000 3.000000 3.000000
2 1708682200 0.000000 1 0.000000 0.000000 0.000000
3 1708682200 0.000000 1 0.000000 0.000000 0.000000
4 1708682200 0.000000 1 0.000000 0.000000 0.000000
1 1708682201 3.000000 1 3.000000 3.000000 3.000000
2 1708682201 0.000000 1 0.000000 0.000000 0.000000
3 1708682201 0.000000 1 0.000000 0.000000 0.000000
4 1708682201 0.000000 1 0.000000 0.000000 0.000000
1 1708682202 3.000000 1 3.000000 3.000000 3.000000
2 1708682202 0.000000 1 0.000000 0.000000 0.000000
3 1708682202 0.000000 1 0.000000 0.000000 0.000000
4 1708682202 0.000000 1 0.000000 0.000000 0.000000
1 1708682203 3.000000 1 3.000000 3.000000 3.000000
2 1708682203 0.000000 1 0.000000 0.000000 0.000000
3 1708682203 0.000000 1 0.000000 0.000000 0.000000
4 1708682203 0.000000 1 0.000000 0.000000 0.000000
1 1708682204 3.000000 1 3.000000 3.000000 3.000000
2 1708682204 0.000000 1 0.000000 0.000000 0.000000
3 1708682204 0.000000 1 0.000000 0.000000 0.000000
4 1708682204 0.000000 1 0.000000 0.000000 0.000000
1 1708682205 3.000000 1 3.000000 3.000000 3.000000
2 1708682205 0.000000 1 0.000000 0.000000 0.000000
3 1708682205 0.000000 1 0.000000 0.000000 0.000000
4 1708682205 0.000000 1 0.000000 0.000000 0.000000
1 1708682206 3.000000 1 3.000000 3.000000 3.000000
2 1708682206 0.000000 1 0.000000 0.000000 0.000000
3 1708682206 0.000000 1 0.000000 0.000000 0.000000
4 1708682206 0.000000 1 0.000000 0.000000 0.000000
1 1708682207 3.000000 1 3.000000 3.000000 3.000000
2 1708682207 0.000000 1 0.000000 0.000000 0.000000
3 1708682207 0.000000 1 0.000000 0.000000 0.000000
4 1708682207 0.000000 1 0.000000 0.000000 0.000000
1 1708682208 3.000000 1 3.000000 3.000000 3.000000
2 1708682208 0.000000 1 0.000000 0.000000 0.000000
3 1708682208 0.000000 1 0.000000 0.000000 0.000000
4 1708682208 0.000000 1 0.000000 0.000000 0.000000
1 1708682209 3.000000 1 3.000000 3.000000 3.000000
2 1708682209 0.000000 1 0.000000 0.000000 0.000000
3 1708682209 0.000000 1 0.000000 0.000000 0.000000
4 1708682209 0.000000 1 0.000000 0.000000 0.000000
1 1708682210 3.000000 1 3.000000 3.000000 3.000000
2 1708682210 0.000000 1 0.000000 0.000000 0.000000
3 1708682210 0.000000 1 0.000000 0.000000 0.000000
4 1708682210 0.000000 1 0.000000 0.000000 0.000000
1 1708682211 3.000000 1 3.000000 3.000000 3.000000
2 1708682211 0.000000 1 0.000000 0.000000 0.000000
3 1708682211 0.000000 1 0.000000 0.000000 0.000000
4 1708682211 0.000000 1 0.000000 0.000000 0.000000
1 1708682212 3.000000 1 3.000000 3.000000 3.000000
2 1708682212 0.000000 1 0.000000 0.000000 0.000000
3 1708682212 0.000000 1 0.000000 0.000000 0.000000
4 1708682212 0.000000 1 0.000000 0.000000 0.000000
1 1708682213 3.000000 1 3.000000 3.000000 3.000000
2 1708682213 0.000000 1 0.000000 0.000000 0.000000
3 1708682213 0.000000 1 0.000000 0.000000 0.000000
4 1708682213 0.000000 1 0.000000 0.000000 0.000000
1 1708682214 3.000000 1 3.000000 3.000000 3.000000
2 1708682214 0.000000 1 0.000000 0.000000 0.000000
3 1708682214 0.000000 1 0.000000 0.000000 0.000000
4 1708682214 0.000000 1 0.000000 0.000000 0.000000
1 1708682215 3.000000 1 3.000000 3.000000 3.000000
2 1708682215 0.000000 1 0.000000 0.000000 0.000000
3 1708682215 0.000000 1 0.000000 0.000000 0.000000
4 1708682215 0.000000 1 0.000000 0.000000 0.000000
1 1708682216 3.000000 1 3.000000 3.000000 3.000000
2 1708682216 0.000000 1 0.000000 0.000000 0.000000
3 1708682216 0.000000 1 0.000000 0.000000 0.000000
4 1708682216 0.000000 1 0.000000 0.000000 0.000000
1 1708682217 3.000000 1 3.000000 3.000000 3.000000
2 1708682217 0.000000 1 0.000000 0.000000 0.000000
3 1708682217 0.000000 1 0.000000 0.000000 0.000000
4 1708682217 0.000000 1 0.000000 0.000000 0.000000
1 1708682218 3.000000 1 3.000000 3.000000 3.000000
2 1708682218 0.000000 1 0.000000 0.000000 0.000000
3 1708682218 0.000000 1 0.000000 0.000000 0.000000
4 1708682218 0.000000 1 0.000000 0.000000 0.000000
1 1708682219 3.000000 1 3.000000 3.000000 3.000000
2 1708682219 0.000000 1 0.000000 0.000000 0.000000
3 1708682219 0.000000 1 0.000000 0.000000 0.000000
4 1708682219 0.000000 1 0.000000 0.000000 0.000000
1 1708682220 3.000000 1 3.000000 3.000000 3.000000
2 1708682220 0.000000 1 0.000000 0.000000 0.000000
3 1708682220 0.000000 1 0.000000 0.000000 0.000000
4 1708682220 0.000000 1 0.000000 0.000000 0.000000
1 1708682221 3.000000 1 3.000000 3.000000 3.000000
2 1708682221 0.000000 1 0.000000 0.000000 0.000000
3 1708682221 0.000000 1 0.000000 0.000000 0.000000
4 1708682221 0.000000 1 0.000000 0.000000 0.000000
1 1708682222 3.000000 1 3.000000 3.000000 3.000000
2 1708682222 0.000000 1 0.000000 0.000000 0.000000
3 1708682222 0.000000 1 0.000000 0.000000 0.000000
4 1708682222 0.000000 1 0.000000 0.000000 0.000000
1 1708682223 3.000000 1 3.000000 3.000000 3.000000
2 1708682223 0.000000 1 0.000000 0.000000 0.000000
3 1708682223 0.000000 1 0.000000 0.000000 0.000000
4 1708682223 0.000000 1 0.000000 0.000000 0.000000
1 1708682224 3.000000 1 3.000000 3.000000 3.000000
2 1708682224 0.000000 1 0.000000 0.000000 0.000000
3 1708682224 0.000000 1 0.000000 0.000000 0.000000
4 1708682224 0.000000 1 0.000000 0.000000 0.000000
1 1708682225 3.000000 1 3.000000 3.000000 3.000000
2 1708682225 0.000000 1 0.000000 0.000000 0.000000
3 1708682225 0.000000 1 0.000000 0.000000 0.000000
4 1708682225 0.000000 1 0.000000 0.000000 0.000000
1 1708682226 3.000000 1 3.000000 3.000000 3.000000
2 1708682226 0.000000 1 0.000000 0.000000 0.000000
3 1708682226 0.000000 1 0.000000 0.000000 0.000000
4 1708682226 0.000000 1 0.000000 0.000000 0.000000
1 1708682227 3.000000 1 3.000000 3.000000 3.000000
2 1708682227 0.000000 1 0.000000 0.000000 0.000000
3 1708682227 0.000000 1 0.000000 0.000000 0.000000
4 1708682227 0.000000 1 0.000000 0.000000 0.000000
1 1708682228 3.000000 1 3.000000 3.000000 3.000000
2 1708682228 0.000000 1 0.000000 0.000000 0.000000
3 1708682228 0.000000 1 0.000000 0.000000 0.000000
4 1708682228 0.000000 1 0.000000 0.000000 0.000000
1 1708682229 3.000000 1 3.000000 3.000000 3.000000
2 1708682229 0.000000 1 0.000000 0.000000 0.000000
3 1708682229 0.000000 1 0.000000 0.000000 0.000000
4 1708682229 0.000000 1 0.000000 0.000000 0.000000
1 1708682230 3.000000 1 3.000000 3.000000 3.000000
2 1708682230 0.000000 1 0.000000 0.000000 0.000000
3 1708682230 0.000000 1 0.000000 0.000000 0.000000
4 1708682230 0.000000 1 0.000000 0.000000 0.000000
1 1708682231 3.000000 1 3.000000 3.000000 3.000000
2 1708682231 0.000000 1 0.000000 0.000000 0.000000
3 1708682231 0.000000 1 0.000000 0.000000 0.000000
4 1708682231 0.000000 1 0.000000 0.000000 0.000000
1 1708682232 3.000000 1 3.000000 3.000000 3.000000
2 1708682232 0.000000 1 0.000000 0.000000 0.000000
3 1708682232 0.000000 1 0.000000 0.000000 0.000000
4 1708682232 0.000000 1 0.000000 0.000000 0.000000
1 1708682233 3.000000 1 3.000000 3.000000 3.000000
2 1708682233 0.000000 1 0.000000 0.000000 0.000000
3 1708682233 0.000000 1 0.000000 0.000000 0.000000
4 1708682233 0.000000 1 0.000000 0.000000 0.000000
1 1708682234 3.000000 1 3.000000 3.000000 3.000000
2 1708682234 0.000000 1 0.000000 0.000000 0.000000
3 1708682234 0.000000 1 0.000000 0.000000 0.000000
4 1708682234 0.000000 1 0.000000 0.000000 0.000000
1 1708682235 3.000000 1 3.000000 3.000000 3.000000
2 1708682235 0.000000 1 0.000000 0.000000 0.000000
3 1708682235 0.000000 1 0.000000 0.000000 0.000000
4 1708682235 0.000000 1 0.000000 0.000000 0.000000
1 1708682236 3.000000 1 3.000000 3.000000 3.000000
2 1708682236 0.000000 1 0.000000 0.000000 0.000000
3 1708682236 0.000000 1 0.000000 0.000000 0.000000
4 1708682236 0.000000 1 0.000000 0.000000 0.000000
1 1708682237 3.000000 1 3.000000 3.000000 3.000000
2 1708682237 0.000000 1 0.000000 0.000000 0.000000
3 1708682237 0.000000 1 0.000000 0.000000 0.000000
4 1708682237 0.000000 1 0.000000 0.000000 0.000000
1 1708682238 3.000000 1 3.000000 3.000000 3.000000
2 1708682238 0.000000 1 0.000000 0.000000 0.000000
3 1708682238 0.000000 1 0.000000 0.000000 0.000000
4 1708682238 0.000000 1 0.000000 0.000000 0.000000
1 1708682239 3.000000 1 3.000000 3.000000 3.000000
2 1708682239 0.000000 1 0.000000 0.000000 0.000000
3 1708682239 0.000000 1 0.000000 0.000000 0.000000
4 1708682239 0.000000 1 0.000000 0.000000 0.000000
1 1708682240 3.000000 1 3.000000 3.000000 3.000000
2 1708682240 0.000000 1 0.000000 0.000000 0.000000
3 1708682240 0.000000 1 0.000000 0.000000 0.000000
4 1708682240 0.000000 1 0.000000 0.000000 0.000000
1 1708682241 3.000000 1 3.000000 3.000000 3.000000
2 1708682241 0.000000 1 0.000000 0.000000 0.000000
3 1708682241 0.000000 1 0.000000 0.000000 0.000000
4 1708682241 0.000000 1 0.000000 0.000000 0.000000
1 1708682242 3.000000 1 3.000000 3.000000 3.000000
2 1708682242 0.000000 1 0.000000 0.000000 0.000000
3 1708682242 0.000000 1 0.000000 0.000000 0.000000
4 1708682242 0.000000 1 0.000000 0.000000 0.000000
1 1708682243 3.000000 1 3.000000 3.000000 3.000000
2 1708682243 0.000000 1 0.000000 0.000000 0.000000
3 1708682243 0.000000 1 0.000000 0.000000 0.000000
4 1708682243 0.000000 1 0.000000 0.000000 0.000000
1 1708682244 3.000000 1 3.000000 3.000000 3.000000
2 1708682244 0.000000 1 0.000000 0.000000 0.000000
3 1708682244 0.000000 1 0.000000 0.000000 0.000000
4 1708682244 0.000000 1 0.000000 0.000000 0.000000
1 1708682245 3.000000 1 3.000000 3.000000 3.000000
2 1708682245 0.000000 1 0.000000 0.000000 0.000000
3 1708682245 0.000000 1 0.000000 0.000000 0.000000
4 1708682245 0.000000 1 0.000000 0.000000 0.000000
1 1708682246 3.000000 1 3.000000 3.000000 3.000000
2 1708682246 0.000000 1 0.000000 0.000000 0.000000
3 1708682246 0.000000 1 0.000000 0.000000 0.000000
4 1708682246 0.000000 1 0.000000 0.000000 0.000000
1 1708682247 3.000000 1 3.000000 3.000000 3.000000
2 1708682247 0.000000 1 0.000000 0.000000 0.000000
3 1708682247 0.000000 1 0.000000 0.000000 0.000000
4 1708682247 0.000000 1 0.000000 0.000000 0.000000
1 1708682248 3.000000 1 3.000000 3.000000 3.000000
2 1708682248 0.000000 1 0.000000 0.000000 0.000000
3 1708682248 0.000000 1 0.000000 0.000000 0.000000
4 1708682248 0.000000 1 0.000000 0.000000 0.000000
1 1708682249 3.000000 1 3.000000 3.000000 3.000000
2 1708682249 0.000000 1 0.000000 0.000000 0.000000
3 1708682249 0.000000 1 0.000000 0.000000 0.000000
4 1708682249 0.000000 1 0.000000 0.000000 0.000000
1 1708682250 3.000000 1 3.000000 3.000000 3.000000
2 1708682250 0.000000 1 0.000000 0.000000 0.000000
3 1708682250 0.000000 1 0.000000 0.000000 0.000000
4 1708682250 0.000000 1 0.000000 0.000000 0.000000
1 1708682251 3.000000 1 3.000000 3.000000 3.000000
2 1708682251 0.000000 1 0.000000 0.000000 0.000000
3 1708682251 0.000000 1 0.000000 0.000000 0.000000
4 1708682251 0.000000 1 0.000000 0.000000 0.000000
1 1708682252 3.000000 1 3.000000 3.000000 3.000000
2 1708682252 0.000000 1 0.000000 0.000000 0.000000
3 1708682252 0.000000 1 0.000000 0.000000 0.000000
4 1708682252 0.000000 1 0.000000 0.000000 0.000000
1 1708682253 3.000000 1 3.000000 3.000000 3.000000
2 1708682253 0.000000 1 0.000000 0.000000 0.000000
3 1708682253 0.000000 1 0.000000 0.000000 0.000000
4 1708682253 0.000000 1 0.000000 0.000000 0.000000
1 1708682254 3.000000 1 3.000000 3.000000 3.000000
2 1708682254 0.000000 1 0.000000 0.000000 0.000000
3 1708682254 0.000000 1 0.000000 0.000000 0.000000
4 1708682254 0.000000 1 0.000000 0.000000 0.000000
1 1708682255 3.000000 1 3.000000 3.000000 3.000000
2 1708682255 0.000000 1 0.000000 0.000000 0.000000
3 1708682255 0.000000 1 0.000000 0.000000 0.000000
4 1708682255 0.000000 1 0.000000 0.000000 0.000000
1 1708682256 3.000000 1 3.000000 3.000000 3.000000
2 1708682256 0.000000 1 0.000000 0.000000 0.000000
3 1708682256 0.000000 1 0.000000 0.000000 0.000000
4 1708682256 0.000000 1 0.000000 0.000000 0.000000
1 1708682257 3.000000 1 3.000000 3.000000 3.000000
2 1708682257 0.000000 1 0.000000 0.000000 0.000000
3 1708682257 0.000000 1 0.000000 0.000000 0.000000
4 1708682257 0.000000 1 0.000000 0.000000 0.000000
1 1708682258 3.000000 1 3.000000 3.000000 3.000000
2 1708682258 0.000000 1 0.000000 0.000000 0.000000
3 1708682258 0.000000 1 0.000000 0.000000 0.000000
4 1708682258 0.000000 1 0.000000 0.000000 0.000000
1 1708682259 3.000000 1 3.000000 3.000000 3.000000
2 1708682259 0.000000 1 0.000000 0.000000 0.000000
3 1708682259 0.000000 1 0.000000 0.000000 0.000000
4 1708682259 0.000000 1 0.000000 0.000000 0.000000
1 1708682261 3.000000 1 3.000000 3.000000 3.000000
2 1708682261 0.000000 1 0.000000 0.000000 0.000000
3 1708682261 0.000000 1 0.000000 0.000000 0.000000
4 1708682261 0.000000 1 0.000000 0.000000 0.000000
1 1708682262 3.000000 1 3.000000 3.000000 3.000000
2 1708682262 0.000000 1 0.000000 0.000000 0.000000
3 1708682262 0.000000 1 0.000000 0.000000 0.000000
4 1708682262 0.000000 1 0.000000 0.000000 0.000000
1 1708682263 3.000000 1 3.000000 3.000000 3.000000
2 1708682263 0.000000 1 0.000000 0.000000 0.000000
3 1708682263 0.000000 1 0.000000 0.000000 0.000000
4 1708682263 0.000000 1 0.000000 0.000000 0.000000
1 1708682264 3.000000 1 3.000000 3.000000 3.000000
2 1708682264 0.000000 1 0.000000 0.000000 0.000000
3 1708682264 0.000000 1 0.000000 0.000000 0.000000
4 1708682264 0.000000 1 0.000000 0.000000 0.000000
1 1708682265 3.000000 1 3.000000 3.000000 3.000000
2 1708682265 0.000000 1 0.000000 0.000000 0.000000
3 1708682265 0.000000 1 0.000000 0.000000 0.000000
4 1708682265 0.000000 1 0.000000 0.000000 0.000000
1 1708682266 3.000000 1 3.000000 3.000000 3.000000
2 1708682266 0.000000 1 0.000000 0.000000 0.000000
3 1708682266 0.000000 1 0.000000 0.000000 0.000000
4 1708682266 0.000000 1 0.000000 0.000000 0.000000
1 1708682267 3.000000 1 3.000000 3.000000 3.000000
2 1708682267 0.000000 1 0.000000 0.000000 0.000000
3 1708682267 0.000000 1 0.000000 0.000000 0.000000
4 1708682267 0.000000 1 0.000000 0.000000 0.000000
1 1708682268 3.000000 1 3.000000 3.000000 3.000000
2 1708682268 0.000000 1 0.000000 0.000000 0.000000
3 1708682268 0.000000 1 0.000000 0.000000 0.000000
4 1708682268 0.000000 1 0.000000 0.000000 0.000000
1 1708682269 3.000000 1 3.000000 3.000000 3.000000
2 1708682269 0.000000 1 0.000000 0.000000 0.000000
3 1708682269 0.000000 1 0.000000 0.000000 0.000000
4 1708682269 0.000000 1 0.000000 0.000000 0.000000
1 1708682270 3.000000 1 3.000000 3.000000 3.000000
2 1708682270 0.000000 1 0.000000 0.000000 0.000000
3 1708682270 0.000000 1 0.000000 0.000000 0.000000
4 1708682270 0.000000 1 0.000000 0.000000 0.000000
1 1708682271 3.000000 1 3.000000 3.000000 3.000000
2 1708682271 0.000000 1 0.000000 0.000000 0.000000
3 1708682271 0.000000 1 0.000000 0.000000 0.000000
4 1708682271 0.000000 1 0.000000 0.000000 0.000000
1 1708682272 3.000000 1 3.000000 3.000000 3.000000
2 1708682272 0.000000 1 0.000000 0.000000 0.000000
3 1708682272 0.000000 1 0.000000 0.000000 0.000000
4 1708682272 0.000000 1 0.000000 0.000000 0.000000
1 1708682273 3.000000 1 3.000000 3.000000 3.000000
2 1708682273 0.000000 1 0.000000 0.000000 0.000000
3 1708682273 0.000000 1 0.000000 0.000000 0.000000
4 1708682273 0.000000 1 0.000000 0.000000 0.000000
1 1708682274 3.000000 1 3.000000 3.000000 3.000000
2 1708682274 0.000000 1 0.000000 0.000000 0.000000
3 1708682274 0.000000 1 0.000000 0.000000 0.000000
4 1708682274 0.000000 1 0.000000 0.000000 0.000000
1 1708682275 3.000000 1 3.000000 3.000000 3.000000
2 1708682275 0.000000 1 0.000000 0.000000 0.000000
3 1708682275 0.000000 1 0.000000 0.000000 0.000000
4 1708682275 0.000000 1 0.000000 0.000000 0.000000
1 1708682276 3.000000 1 3.000000 3.000000 3.000000
2 1708682276 0.000000 1 0.000000 0.000000 0.000000
3 1708682276 0.000000 1 0.000000 0.000000 0.000000
4 1708682276 0.000000 1 0.000000 0.000000 0.000000
1 1708682277 3.000000 1 3.000000 3.000000 3.000000
2 1708682277 0.000000 1 0.000000 0.000000 0.000000
3 1708682277 0.000000 1 0.000000 0.000000 0.000000
4 1708682277 0.000000 1 0.000000 0.000000 0.000000
1 1708682278 3.000000 1 3.000000 3.000000 3.000000
2 1708682278 0.000000 1 0.000000 0.000000 0.000000
3 1708682278 0.000000 1 0.000000 0.000000 0.000000
4 1708682278 0.000000 1 0.000000 0.000000 0.000000
1 1708682279 3.000000 1 3.000000 3.000000 3.000000
2 1708682279 0.000000 1 0.000000 0.000000 0.000000
3 1708682279 0.000000 1 0.000000 0.000000 0.000000
4 1708682279 0.000000 1 0.000000 0.000000 0.000000
1 1708682280 3.000000 1 3.000000 3.000000 3.000000
2 1708682280 0.000000 1 0.000000 0.000000 0.000000
3 1708682280 0.000000 1 0.000000 0.000000 0.000000
4 1708682280 0.000000 1 0.000000 0.000000 0.000000
1 1708682281 3.000000 1 3.000000 3.000000 3.000000
2 1708682281 0.000000 1 0.000000 0.000000 0.000000
3 1708682281 0.000000 1 0.000000 0.000000 0.000000
4 1708682281 0.000000 1 0.000000 0.000000 0.000000
1 1708682282 3.000000 1 3.000000 3.000000 3.000000
2 1708682282 0.000000 1 0.000000 0.000000 0.000000
3 1708682282 0.000000 1 0.000000 0.000000 0.000000
4 1708682282 0.000000 1 0.000000 0.000000 0.000000
1 1708682283 3.000000 1 3.000000 3.000000 3.000000
2 1708682283 0.000000 1 0.000000 0.000000 0.000000
3 1708682283 0.000000 1 0.000000 0.000000 0.000000
4 1708682283 0.000000 1 0.000000 0.000000 0.000000
1 1708682284 3.000000 1 3.000000 3.000000 3.000000
2 1708682284 0.000000 1 0.000000 0.000000 0.000000
3 1708682284 0.000000 1 0.000000 0.000000 0.000000
4 1708682284 0.000000 1 0.000000 0.000000 0.000000
1 1708682285 3.000000 1 3.000000 3.000000 3.000000
2 1708682285 0.000000 1 0.000000 0.000000 0.000000
3 1708682285 0.000000 1 0.000000 0.000000 0.000000
4 1708682285 0.000000 1 0.000000 0.000000 0.000000
1 1708682286 3.000000 1 3.000000 3.000000 3.000000
2 1708682286 0.000000 1 0.000000 0.000000 0.000000
3 1708682286 0.000000 1 0.000000 0.000000 0.000000
4 1708682286 0.000000 1 0.000000 0.000000 0.000000
1 1708682287 3.000000 1 3.000000 3.000000 3.000000
2 1708682287 0.000000 1 0.000000 0.000000 0.000000
3 1708682287 0.000000 1 0.000000 0.000000 0.000000
4 1708682287 0.000000 1 0.000000 0.000000 0.000000
1 1708682288 3.000000 1 3.000000 3.000000 3.000000
2 1708682288 0.000000 1 0.000000 0.000000 0.000000
3 1708682288 0.000000 1 0.000000 0.000000 0.000000
4 1708682288 0.000000 1 0.000000 0.000000 0.000000
1 1708682289 3.000000 1 3.000000 3.000000 3.000000
2 1708682289 0.000000 1 0.000000 0.000000 0.000000
3 1708682289 0.000000 1 0.000000 0.000000 0.000000
4 1708682289 0.000000 1 0.000000 0.000000 0.000000
1 1708682290 3.000000 1 3.000000 3.000000 3.000000
2 1708682290 0.000000 1 0.000000 0.000000 0.000000
3 1708682290 0.000000 1 0.000000 0.000000 0.000000
4 1708682290 0.000000 1 0.000000 0.000000 0.000000
1 1708682291 3.000000 1 3.000000 3.000000 3.000000
2 1708682291 0.000000 1 0.000000 0.000000 0.000000
3 1708682291 0.000000 1 0.000000 0.000000 0.000000
4 1708682291 0.000000 1 0.000000 0.000000 0.000000
1 1708682292 3.000000 1 3.000000 3.000000 3.000000
2 1708682292 0.000000 1 0.000000 0.000000 0.000000
3 1708682292 0.000000 1 0.000000 0.000000 0.000000
4 1708682292 0.000000 1 0.000000 0.000000 0.000000
1 1708682293 3.000000 1 3.000000 3.000000 3.000000
2 1708682293 0.000000 1 0.000000 0.000000 0.000000
3 1708682293 0.000000 1 0.000000 0.000000 0.000000
4 1708682293 0.000000 1 0.000000 0.000000 0.000000
1 1708682294 3.000000 1 3.000000 3.000000 3.000000
2 1708682294 0.000000 1 0.000000 0.000000 0.000000
3 1708682294 0.000000 1 0.000000 0.000000 0.000000
4 1708682294 0.000000 1 0.000000 0.000000 0.000000
1 1708682295 3.000000 1 3.000000 3.000000 3.000000
2 1708682295 0.000000 1 0.000000 0.000000 0.000000
3 1708682295 0.000000 1 0.000000 0.000000 0.000000
4 1708682295 0.000000 1 0.000000 0.000000 0.000000
1 1708682296 3.000000 1 3.000000 3.000000 3.000000
2 1708682296 0.000000 1 0.000000 0.000000 0.000000
3 1708682296 0.000000 1 0.000000 0.000000 0.000000
4 1708682296 0.000000 1 0.000000 0.000000 0.000000
1 1708682297 3.000000 1 3.000000 3.000000 3.000000
2 1708682297 0.000000 1 0.000000 0.000000 0.000000
3 1708682297 0.000000 1 0.000000 0.000000 0.000000
4 1708682297 0.000000 1 0.000000 0.000000 0.000000
1 1708682298 3.000000 1 3.000000 3.000000 3.000000
2 1708682298 0.000000 1 0.000000 0.000000 0.000000
3 1708682298 0.000000 1 0.000000 0.000000 0.000000
4 1708682298 0.000000 1 0.000000 0.000000 0.000000
1 1708682299 3.000000 1 3.000000 3.000000 3.000000
2 1708682299 0.000000 1 0.000000 0.000000 0.000000
3 1708682299 0.000000 1 0.000000 0.000000 0.000000
4 1708682299 0.000000 1 0.000000 0.000000 0.000000
1 1708682300 3.000000 1 3.000000 3.000000 3.000000
2 1708682300 0.000000 1 0.000000 0.000000 0.000000
3 1708682300 0.000000 1 0.000000 0.000000 0.000000
4 1708682300 0.000000 1 0.000000 0.000000 0.000000
1 1708682301 3.000000 1 3.000000 3.000000 3.000000
2 1708682301 0.000000 1 0.000000 0.000000 0.000000
3 1708682301 0.000000 1 0.000000 0.000000 0.000000
4 1708682301 0.000000 1 0.000000 0.000000 0.000000
1 1708682302 3.000000 1 3.000000 3.000000 3.000000
2 1708682302 0.000000 1 0.000000 0.000000 0.000000
3 1708682302 0.000000 1 0.000000 0.000000 0.000000
4 1708682302 0.000000 1 0.000000 0.000000 0.000000
1 1708682303 3.000000 1 3.000000 3.000000 3.000000
2 1708682303 0.000000 1 0.000000 0.000000 0.000000
3 1708682303 0.000000 1 0.000000 0.000000 0.000000
4 1708682303 0.000000 1 0.000000 0.000000 0.000000
1 1708682304 3.000000 1 3.000000 3.000000 3.000000
2 1708682304 0.000000 1 0.000000 0.000000 0.000000
3 1708682304 0.000000 1 0.000000 0.000000 0.000000
4 1708682304 0.000000 1 0.000000 0.000000 0.000000
1 1708682305 3.000000 1 3.000000 3.000000 3.000000
2 1708682305 0.000000 1 0.000000 0.000000 0.000000
3 1708682305 0.000000 1 0.000000 0.000000 0.000000
4 1708682305 0.000000 1 0.000000 0.000000 0.000000
1 1708682306 3.000000 1 3.000000 3.000000 3.000000
2 1708682306 0.000000 1 0.000000 0.000000 0.000000
3 1708682306 0.000000 1 0.000000 0.000000 0.000000
4 1708682306 0.000000 1 0.000000 0.000000 0.000000
1 1708682307 3.000000 1 3.000000 3.000000 3.000000
2 1708682307 0.000000 1 0.000000 0.000000 0.000000
3 1708682307 0.000000 1 0.000000 0.000000 0.000000
4 1708682307 0.000000 1 0.000000 0.000000 0.000000
1 1708682308 3.000000 1 3.000000 3.000000 3.000000
2 1708682308 0.000000 1 0.000000 0.000000 0.000000
3 1708682308 0.000000 1 0.000000 0.000000 0.000000
4 1708682308 0.000000 1 0.000000 0.000000 0.000000
1 1708682309 3.000000 1 3.000000 3.000000 3.000000
2 1708682309 0.000000 1 0.000000 0.000000 0.000000
3 1708682309 0.000000 1 0.000000 0.000000 0.000000
4 1708682309 0.000000 1 0.000000 0.000000 0.000000
1 1708682310 3.000000 1 3.000000 3.000000 3.000000
2 1708682310 0.000000 1 0.000000 0.000000 0.000000
3 1708682310 0.000000 1 0.000000 0.000000 0.000000
4 1708682310 0.000000 1 0.000000 0.000000 0.000000
1 1708682311 3.000000 1 3.000000 3.000000 3.000000
2 1708682311 0.000000 1 0.000000 0.000000 0.000000
3 1708682311 0.000000 1 0.000000 0.000000 0.000000
4 1708682311 0.000000 1 0.000000 0.000000 0.000000
1 1708682312 3.000000 1 3.000000 3.000000 3.000000
2 1708682312 0.000000 1 0.000000 0.000000 0.000000
3 1708682312 0.000000 1 0.000000 0.000000 0.000000
4 1708682312 0.000000 1 0.000000 0.000000 0.000000
1 1708682313 3.000000 1 3.000000 3.000000 3.000000
2 1708682313 0.000000 1 0.000000 0.000000 0.000000
3 1708682313 0.000000 1 0.000000 0.000000 0.000000
4 1708682313 0.000000 1 0.000000 0.000000 0.000000
1 1708682314 3.000000 1 3.000000 3.000000 3.000000
2 1708682314 0.000000 1 0.000000 0.000000 0.000000
3 1708682314 0.000000 1 0.000000 0.000000 0.000000
4 1708682314 0.000000 1 0.000000 0.000000 0.000000
1 1708682315 3.000000 1 3.000000 3.000000 3.000000
2 1708682315 0.000000 1 0.000000 0.000000 0.000000
3 1708682315 0.000000 1 0.000000 0.000000 0.000000
4 1708682315 0.000000 1 0.000000 0.000000 0.000000
1 1708682316 3.000000 1 3.000000 3.000000 3.000000
2 1708682316 0.000000 1 0.000000 0.000000 0.000000
3 1708682316 0.000000 1 0.000000 0.000000 0.000000
4 1708682316 0.000000 1 0.000000 0.000000 0.000000
1 1708682317 3.000000 1 3.000000 3.000000 3.000000
2 1708682317 0.000000 1 0.000000 0.000000 0.000000
3 1708682317 0.000000 1 0.000000 0.000000 0.000000
4 1708682317 0.000000 1 0.000000 0.000000 0.000000
1 1708682318 3.000000 1 3.000000 3.000000 3.000000
2 1708682318 0.000000 1 0.000000 0.000000 0.000000
3 1708682318 0.000000 1 0.000000 0.000000 0.000000
4 1708682318 0.000000 1 0.000000 0.000000 0.000000
1 1708682319 3.000000 1 3.000000 3.000000 3.000000
2 1708682319 0.000000 1 0.000000 0.000000 0.000000
3 1708682319 0.000000 1 0.000000 0.000000 0.000000
4 1708682319 0.000000 1 0.000000 0.000000 0.000000
1 1708682320 3.000000 1 3.000000 3.000000 3.000000
2 1708682320 0.000000 1 0.000000 0.000000 0.000000
3 1708682320 0.000000 1 0.000000 0.000000 0.000000
4 1708682320 0.000000 1 0.000000 0.000000 0.000000
1 1708682321 3.000000 1 3.000000 3.000000 3.000000
2 1708682321 0.000000 1 0.000000 0.000000 0.000000
3 1708682321 0.000000 1 0.000000 0.000000 0.000000
4 1708682321 0.000000 1 0.000000 0.000000 0.000000
1 1708682322 3.000000 1 3.000000 3.000000 3.000000
2 1708682322 0.000000 1 0.000000 0.000000 0.000000
3 1708682322 0.000000 1 0.000000 0.000000 0.000000
4 1708682322 0.000000 1 0.000000 0.000000 0.000000
1 1708682323 3.000000 1 3.000000 3.000000 3.000000
2 1708682323 0.000000 1 0.000000 0.000000 0.000000
3 1708682323 0.000000 1 0.000000 0.000000 0.000000
4 1708682323 0.000000 1 0.000000 0.000000 0.000000
1 1708682325 3.000000 1 3.000000 3.000000 3.000000
2 1708682325 0.000000 1 0.000000 0.000000 0.000000
3 1708682325 0.000000 1 0.000000 0.000000 0.000000
4 1708682325 0.000000 1 0.000000 0.000000 0.000000
1 1708682326 3.000000 1 3.000000 3.000000 3.000000
2 1708682326 0.000000 1 0.000000 0.000000 0.000000
3 1708682326 0.000000 1 0.000000 0.000000 0.000000
4 1708682326 0.000000 1 0.000000 0.000000 0.000000
1 1708682327 3.000000 1 3.000000 3.000000 3.000000
2 1708682327 0.000000 1 0.000000 0.000000 0.000000
3 1708682327 0.000000 1 0.000000 0.000000 0.000000
4 1708682327 0.000000 1 0.000000 0.000000 0.000000
1 1708682328 3.000000 1 3.000000 3.000000 3.000000
2 1708682328 0.000000 1 0.000000 0.000000 0.000000
3 1708682328 0.000000 1 0.000000 0.000000 0.000000
4 1708682328 0.000000 1 0.000000 0.000000 0.000000
1 1708682329 3.000000 1 3.000000 3.000000 3.000000
2 1708682329 0.000000 1 0.000000 0.000000 0.000000
3 1708682329 0.000000 1 0.000000 0.000000 0.000000
4 1708682329 0.000000 1 0.000000 0.000000 0.000000
1 1708682330 3.000000 1 3.000000 3.000000 3.000000
2 1708682330 0.000000 1 0.000000 0.000000 0.000000
3 1708682330 0.000000 1 0.000000 0.000000 0.000000
4 1708682330 0.000000 1 0.000000 0.000000 0.000000
1 1708682331 3.000000 1 3.000000 3.000000 3.000000
2 1708682331 0.000000 1 0.000000 0.000000 0.000000
3 1708682331 0.000000 1 0.000000 0.000000 0.000000
4 1708682331 0.000000 1 0.000000 0.000000 0.000000
1 1708682332 3.000000 1 3.000000 3.000000 3.000000
2 1708682332 0.000000 1 0.000000 0.000000 0.000000
3 1708682332 0.000000 1 0.000000 0.000000 0.000000
4 1708682332 0.000000 1 0.000000 0.000000 0.000000
1 1708682333 3.000000 1 3.000000 3.000000 3.000000
2 1708682333 0.000000 1 0.000000 0.000000 0.000000
3 1708682333 0.000000 1 0.000000 0.000000 0.000000
4 1708682333 0.000000 1 0.000000 0.000000 0.000000
1 1708682334 3.000000 1 3.000000 3.000000 3.000000
2 1708682334 0.000000 1 0.000000 0.000000 0.000000
3 1708682334 0.000000 1 0.000000 0.000000 0.000000
4 1708682334 0.000000 1 0.000000 0.000000 0.000000
1 1708682335 3.000000 1 3.000000 3.000000 3.000000
2 1708682335 0.000000 1 0.000000 0.000000 0.000000
3 1708682335 0.000000 1 0.000000 0.000000 0.000000
4 1708682335 0.000000 1 0.000000 0.000000 0.000000
1 1708682336 3.000000 1 3.000000 3.000000 3.000000
2 1708682336 0.000000 1 0.000000 0.000000 0.000000
3 1708682336 0.000000 1 0.000000 0.000000 0.000000
4 1708682336 0.000000 1 0.000000 0.000000 0.000000
1 1708682337 3.000000 1 3.000000 3.000000 3.000000
2 1708682337 0.000000 1 0.000000 0.000000 0.000000
3 1708682337 0.000000 1 0.000000 0.000000 0.000000
4 1708682337 0.000000 1 0.000000 0.000000 0.000000
1 1708682338 3.000000 1 3.000000 3.000000 3.000000
2 1708682338 0.000000 1 0.000000 0.000000 0.000000
3 1708682338 0.000000 1 0.000000 0.000000 0.000000
4 1708682338 0.000000 1 0.000000 0.000000 0.000000
1 1708682339 3.000000 1 3.000000 3.000000 3.000000
2 1708682339 0.000000 1 0.000000 0.000000 0.000000
3 1708682339 0.000000 1 0.000000 0.000000 0.000000
4 1708682339 0.000000 1 0.000000 0.000000 0.000000
1 1708682340 3.000000 1 3.000000 3.000000 3.000000
2 1708682340 0.000000 1 0.000000 0.000000 0.000000
3 1708682340 0.000000 1 0.000000 0.000000 0.000000
4 1708682340 0.000000 1 0.000000 0.000000 0.000000
1 1708682341 3.000000 1 3.000000 3.000000 3.000000
2 1708682341 0.000000 1 0.000000 0.000000 0.000000
3 1708682341 0.000000 1 0.000000 0.000000 0.000000
4 1708682341 0.000000 1 0.000000 0.000000 0.000000
1 1708682342 3.000000 1 3.000000 3.000000 3.000000
2 1708682342 0.000000 1 0.000000 0.000000 0.000000
3 1708682342 0.000000 1 0.000000 0.000000 0.000000
4 1708682342 0.000000 1 0.000000 0.000000 0.000000
1 1708682343 3.000000 1 3.000000 3.000000 3.000000
2 1708682343 0.000000 1 0.000000 0.000000 0.000000
3 1708682343 0.000000 1 0.000000 0.000000 0.000000
4 1708682343 0.000000 1 0.000000 0.000000 0.000000
1 1708682344 3.000000 1 3.000000 3.000000 3.000000
2 1708682344 0.000000 1 0.000000 0.000000 0.000000
3 1708682344 0.000000 1 0.000000 0.000000 0.000000
4 1708682344 0.000000 1 0.000000 0.000000 0.000000
1 1708682345 3.000000 1 3.000000 3.000000 3.000000
2 1708682345 0.000000 1 0.000000 0.000000 0.000000
3 1708682345 0.000000 1 0.000000 0.000000 0.000000
4 1708682345 0.000000 1 0.000000 0.000000 0.000000
1 1708682346 3.000000 1 3.000000 3.000000 3.000000
2 1708682346 0.000000 1 0.000000 0.000000 0.000000
3 1708682346 0.000000 1 0.000000 0.000000 0.000000
4 1708682346 0.000000 1 0.000000 0.000000 0.000000
1 1708682347 3.000000 1 3.000000 3.000000 3.000000
2 1708682347 0.000000 1 0.000000 0.000000 0.000000
3 1708682347 0.000000 1 0.000000 0.000000 0.000000
4 1708682347 0.000000 1 0.000000 0.000000 0.000000
1 1708682348 3.000000 1 3.000000 3.000000 3.000000
2 1708682348 0.000000 1 0.000000 0.000000 0.000000
3 1708682348 0.000000 1 0.000000 0.000000 0.000000
4 1708682348 0.000000 1 0.000000 0.000000 0.000000
1 1708682349 3.000000 1 3.000000 3.000000 3.000000
2 1708682349 0.000000 1 0.000000 0.000000 0.000000
3 1708682349 0.000000 1 0.000000 0.000000 0.000000
4 1708682349 0.000000 1 0.000000 0.000000 0.000000
1 1708682350 3.000000 1 3.000000 3.000000 3.000000
2 1708682350 0.000000 1 0.000000 0.000000 0.000000
3 1708682350 0.000000 1 0.000000 0.000000 0.000000
4 1708682350 0.000000 1 0.000000 0.000000 0.000000
1 1708682351 3.000000 1 3.000000 3.000000 3.000000
2 1708682351 0.000000 1 0.000000 0.000000 0.000000
3 1708682351 0.000000 1 0.000000 0.000000 0.000000
4 1708682351 0.000000 1 0.000000 0.000000 0.000000
1 1708682352 3.000000 1 3.000000 3.000000 3.000000
2 1708682352 0.000000 1 0.000000 0.000000 0.000000
3 1708682352 0.000000 1 0.000000 0.000000 0.000000
4 1708682352 0.000000 1 0.000000 0.000000 0.000000
1 1708682353 3.000000 1 3.000000 3.000000 3.000000
2 1708682353 0.000000 1 0.000000 0.000000 0.000000
3 1708682353 0.000000 1 0.000000 0.000000 0.000000
4 1708682353 0.000000 1 0.000000 0.000000 0.000000
1 1708682354 3.000000 1 3.000000 3.000000 3.000000
2 1708682354 0.000000 1 0.000000 0.000000 0.000000
3 1708682354 0.000000 1 0.000000 0.000000 0.000000
4 1708682354 0.000000 1 0.000000 0.000000 0.000000
1 1708682355 3.000000 1 3.000000 3.000000 3.000000
2 1708682355 0.000000 1 0.000000 0.000000 0.000000
3 1708682355 0.000000 1 0.000000 0.000000 0.000000
4 1708682355 0.000000 1 0.000000 0.000000 0.000000
1 1708682356 3.000000 1 3.000000 3.000000 3.000000
2 1708682356 0.000000 1 0.000000 0.000000 0.000000
3 1708682356 0.000000 1 0.000000 0.000000 0.000000
4 1708682356 0.000000 1 0.000000 0.000000 0.000000
1 1708682357 3.000000 1 3.000000 3.000000 3.000000
2 1708682357 0.000000 1 0.000000 0.000000 0.000000
3 1708682357 0.000000 1 0.000000 0.000000 0.000000
4 1708682357 0.000000 1 0.000000 0.000000 0.000000
1 1708682358 3.000000 1 3.000000 3.000000 3.000000
2 1708682358 0.000000 1 0.000000 0.000000 0.000000
3 1708682358 0.000000 1 0.000000 0.000000 0.000000
4 1708682358 0.000000 1 0.000000 0.000000 0.000000
1 1708682359 3.000000 1 3.000000 3.000000 3.000000
2 1708682359 0.000000 1 0.000000 0.000000 0.000000
3 1708682359 0.000000 1 0.000000 0.000000 0.000000
4 1708682359 0.000000 1 0.000000 0.000000 0.000000
1 1708682360 3.000000 1 3.000000 3.000000 3.000000
2 1708682360 0.000000 1 0.000000 0.000000 0.000000
3 1708682360 0.000000 1 0.000000 0.000000 0.000000
4 1708682360 0.000000 1 0.000000 0.000000 0.000000
1 1708682361 3.000000 1 3.000000 3.000000 3.000000
2 1708682361 0.000000 1 0.000000 0.000000 0.000000
3 1708682361 0.000000 1 0.000000 0.000000 0.000000
4 1708682361 0.000000 1 0.000000 0.000000 0.000000
1 1708682362 3.000000 1 3.000000 3.000000 3.000000
2 1708682362 0.000000 1 0.000000 0.000000 0.000000
3 1708682362 0.000000 1 0.000000 0.000000 0.000000
4 1708682362 0.000000 1 0.000000 0.000000 0.000000
1 1708682363 3.000000 1 3.000000 3.000000 3.000000
2 1708682363 0.000000 1 0.000000 0.000000 0.000000
3 1708682363 0.000000 1 0.000000 0.000000 0.000000
4 1708682363 0.000000 1 0.000000 0.000000 0.000000
1 1708682364 3.000000 1 3.000000 3.000000 3.000000
2 1708682364 0.000000 1 0.000000 0.000000 0.000000
3 1708682364 0.000000 1 0.000000 0.000000 0.000000
4 1708682364 0.000000 1 0.000000 0.000000 0.000000
1 1708682365 3.000000 1 3.000000 3.000000 3.000000
2 1708682365 0.000000 1 0.000000 0.000000 0.000000
3 1708682365 0.000000 1 0.000000 0.000000 0.000000
4 1708682365 0.000000 1 0.000000 0.000000 0.000000
1 1708682366 3.000000 1 3.000000 3.000000 3.000000
2 1708682366 0.000000 1 0.000000 0.000000 0.000000
3 1708682366 0.000000 1 0.000000 0.000000 0.000000
4 1708682366 0.000000 1 0.000000 0.000000 0.000000
1 1708682367 3.000000 1 3.000000 3.000000 3.000000
2 1708682367 0.000000 1 0.000000 0.000000 0.000000
3 1708682367 0.000000 1 0.000000 0.000000 0.000000
4 1708682367 0.000000 1 0.000000 0.000000 0.000000
1 1708682368 3.000000 1 3.000000 3.000000 3.000000
2 1708682368 0.000000 1 0.000000 0.000000 0.000000
3 1708682368 0.000000 1 0.000000 0.000000 0.000000
4 1708682368 0.000000 1 0.000000 0.000000 0.000000
1 1708682369 3.000000 1 3.000000 3.000000 3.000000
2 1708682369 0.000000 1 0.000000 0.000000 0.000000
3 1708682369 0.000000 1 0.000000 0.000000 0.000000
4 1708682369 0.000000 1 0.000000 0.000000 0.000000
1 1708682370 3.000000 1 3.000000 3.000000 3.000000
2 1708682370 0.000000 1 0.000000 0.000000 0.000000
3 1708682370 0.000000 1 0.000000 0.000000 0.000000
4 1708682370 0.000000 1 0.000000 0.000000 0.000000
1 1708682371 3.000000 1 3.000000 3.000000 3.000000
2 1708682371 0.000000 1 0.000000 0.000000 0.000000
3 1708682371 0.000000 1 0.000000 0.000000 0.000000
4 1708682371 0.000000 1 0.000000 0.000000 0.000000
1 1708682372 3.000000 1 3.000000 3.000000 3.000000
2 1708682372 0.000000 1 0.000000 0.000000 0.000000
3 1708682372 0.000000 1 0.000000 0.000000 0.000000
4 1708682372 0.000000 1 0.000000 0.000000 0.000000
1 1708682373 3.000000 1 3.000000 3.000000 3.000000
2 1708682373 0.000000 1 0.000000 0.000000 0.000000
3 1708682373 0.000000 1 0.000000 0.000000 0.000000
4 1708682373 0.000000 1 0.000000 0.000000 0.000000
1 1708682374 3.000000 1 3.000000 3.000000 3.000000
2 1708682374 0.000000 1 0.000000 0.000000 0.000000
3 1708682374 0.000000 1 0.000000 0.000000 0.000000
4 1708682374 0.000000 1 0.000000 0.000000 0.000000
1 1708682375 3.000000 1 3.000000 3.000000 3.000000
2 1708682375 0.000000 1 0.000000 0.000000 0.000000
3 1708682375 0.000000 1 0.000000 0.000000 0.000000
4 1708682375 0.000000 1 0.000000 0.000000 0.000000
1 1708682376 3.000000 1 3.000000 3.000000 3.000000
2 1708682376 0.000000 1 0.000000 0.000000 0.000000
3 1708682376 0.000000 1 0.000000 0.000000 0.000000
4 1708682376 0.000000 1 0.000000 0.000000 0.000000
1 1708682377 3.000000 1 3.000000 3.000000 3.000000
2 1708682377 0.000000 1 0.000000 0.000000 0.000000
3 1708682377 0.000000 1 0.000000 0.000000 0.000000
4 1708682377 0.000000 1 0.000000 0.000000 0.000000
1 1708682378 3.000000 1 3.000000 3.000000 3.000000
2 1708682378 0.000000 1 0.000000 0.000000 0.000000
3 1708682378 0.000000 1 0.000000 0.000000 0.000000
4 1708682378 0.000000 1 0.000000 0.000000 0.000000
1 1708682379 3.000000 1 3.000000 3.000000 3.000000
2 1708682379 0.000000 1 0.000000 0.000000 0.000000
3 1708682379 0.000000 1 0.000000 0.000000 0.000000
4 1708682379 0.000000 1 0.000000 0.000000 0.000000
1 1708682380 3.000000 1 3.000000 3.000000 3.000000
2 1708682380 0.000000 1 0.000000 0.000000 0.000000
3 1708682380 0.000000 1 0.000000 0.000000 0.000000
4 1708682380 0.000000 1 0.000000 0.000000 0.000000
1 1708682381 3.000000 1 3.000000 3.000000 3.000000
2 1708682381 0.000000 1 0.000000 0.000000 0.000000
3 1708682381 0.000000 1 0.000000 0.000000 0.000000
4 1708682381 0.000000 1 0.000000 0.000000 0.000000
1 1708682382 3.000000 1 3.000000 3.000000 3.000000
2 1708682382 0.000000 1 0.000000 0.000000 0.000000
3 1708682382 0.000000 1 0.000000 0.000000 0.000000
4 1708682382 0.000000 1 0.000000 0.000000 0.000000
1 1708682383 3.000000 1 3.000000 3.000000 3.000000
2 1708682383 0.000000 1 0.000000 0.000000 0.000000
3 1708682383 0.000000 1 0.000000 0.000000 0.000000
4 1708682383 0.000000 1 0.000000 0.000000 0.000000
1 1708682384 3.000000 1 3.000000 3.000000 3.000000
2 1708682384 0.000000 1 0.000000 0.000000 0.000000
3 1708682384 0.000000 1 0.000000 0.000000 0.000000
4 1708682384 0.000000 1 0.000000 0.000000 0.000000
1 1708682385 3.000000 1 3.000000 3.000000 3.000000
2 1708682385 0.000000 1 0.000000 0.000000 0.000000
3 1708682385 0.000000 1 0.000000 0.000000 0.000000
4 1708682385 0.000000 1 0.000000 0.000000 0.000000
1 1708682386 3.000000 1 3.000000 3.000000 3.000000
2 1708682386 0.000000 1 0.000000 0.000000 0.000000
3 1708682386 0.000000 1 0.000000 0.000000 0.000000
4 1708682386 0.000000 1 0.000000 0.000000 0.000000
1 1708682387 3.000000 1 3.000000 3.000000 3.000000
2 1708682387 0.000000 1 0.000000 0.000000 0.000000
3 1708682387 0.000000 1 0.000000 0.000000 0.000000
4 1708682387 0.000000 1 0.000000 0.000000 0.000000
1 1708682388 3.000000 1 3.000000 3.000000 3.000000
2 1708682388 0.000000 1 0.000000 0.000000 0.000000
3 1708682388 0.000000 1 0.000000 0.000000 0.000000
4 1708682388 0.000000 1 0.000000 0.000000 0.000000
1 1708682389 3.000000 1 3.000000 3.000000 3.000000
2 1708682389 0.000000 1 0.000000 0.000000 0.000000
3 1708682389 0.000000 1 0.000000 0.000000 0.000000
4 1708682389 0.000000 1 0.000000 0.000000 0.000000
1 1708682391 3.000000 1 3.000000 3.000000 3.000000
2 1708682391 0.000000 1 0.000000 0.000000 0.000000
3 1708682391 0.000000 1 0.000000 0.000000 0.000000
4 1708682391 0.000000 1 0.000000 0.000000 0.000000
1 1708682392 3.000000 1 3.000000 3.000000 3.000000
2 1708682392 0.000000 1 0.000000 0.000000 0.000000
3 1708682392 0.000000 1 0.000000 0.000000 0.000000
4 1708682392 0.000000 1 0.000000 0.000000 0.000000
1 1708682393 3.000000 1 3.000000 3.000000 3.000000
2 1708682393 0.000000 1 0.000000 0.000000 0.000000
3 1708682393 0.000000 1 0.000000 0.000000 0.000000
4 1708682393 0.000000 1 0.000000 0.000000 0.000000
1 1708682394 3.000000 1 3.000000 3.000000 3.000000
2 1708682394 0.000000 1 0.000000 0.000000 0.000000
3 1708682394 0.000000 1 0.000000 0.000000 0.000000
4 1708682394 0.000000 1 0.000000 0.000000 0.000000
1 1708682395 3.000000 1 3.000000 3.000000 3.000000
2 1708682395 0.000000 1 0.000000 0.000000 0.000000
3 1708682395 0.000000 1 0.000000 0.000000 0.000000
4 1708682395 0.000000 1 0.000000 0.000000 0.000000
1 1708682396 3.000000 1 3.000000 3.000000 3.000000
2 1708682396 0.000000 1 0.000000 0.000000 0.000000
3 1708682396 0.000000 1 0.000000 0.000000 0.000000
4 1708682396 0.000000 1 0.000000 0.000000 0.000000
1 1708682397 3.000000 1 3.000000 3.000000 3.000000
2 1708682397 0.000000 1 0.000000 0.000000 0.000000
3 1708682397 0.000000 1 0.000000 0.000000 0.000000
4 1708682397 0.000000 1 0.000000 0.000000 0.000000
1 1708682398 3.000000 1 3.000000 3.000000 3.000000
2 1708682398 0.000000 1 0.000000 0.000000 0.000000
3 1708682398 0.000000 1 0.000000 0.000000 0.000000
4 1708682398 0.000000 1 0.000000 0.000000 0.000000
1 1708682399 3.000000 1 3.000000 3.000000 3.000000
2 1708682399 0.000000 1 0.000000 0.000000 0.000000
3 1708682399 0.000000 1 0.000000 0.000000 0.000000
4 1708682399 0.000000 1 0.000000 0.000000 0.000000
1 1708682400 3.000000 1 3.000000 3.000000 3.000000
2 1708682400 0.000000 1 0.000000 0.000000 0.000000
3 1708682400 0.000000 1 0.000000 0.000000 0.000000
4 1708682400 0.000000 1 0.000000 0.000000 0.000000
1 1708682401 3.000000 1 3.000000 3.000000 3.000000
2 1708682401 0.000000 1 0.000000 0.000000 0.000000
3 1708682401 0.000000 1 0.000000 0.000000 0.000000
4 1708682401 0.000000 1 0.000000 0.000000 0.000000
1 1708682402 3.000000 1 3.000000 3.000000 3.000000
2 1708682402 0.000000 1 0.000000 0.000000 0.000000
3 1708682402 0.000000 1 0.000000 0.000000 0.000000
4 1708682402 0.000000 1 0.000000 0.000000 0.000000
1 1708682403 3.000000 1 3.000000 3.000000 3.000000
2 1708682403 0.000000 1 0.000000 0.000000 0.000000
3 1708682403 0.000000 1 0.000000 0.000000 0.000000
4 1708682403 0.000000 1 0.000000 0.000000 0.000000
1 1708682404 3.000000 1 3.000000 3.000000 3.000000
2 1708682404 0.000000 1 0.000000 0.000000 0.000000
3 1708682404 0.000000 1 0.000000 0.000000 0.000000
4 1708682404 0.000000 1 0.000000 0.000000 0.000000
1 1708682405 3.000000 1 3.000000 3.000000 3.000000
2 1708682405 0.000000 1 0.000000 0.000000 0.000000
3 1708682405 0.000000 1 0.000000 0.000000 0.000000
4 1708682405 0.000000 1 0.000000 0.000000 0.000000
1 1708682406 3.000000 1 3.000000 3.000000 3.000000
2 1708682406 0.000000 1 0.000000 0.000000 0.000000
3 1708682406 0.000000 1 0.000000 0.000000 0.000000
4 1708682406 0.000000 1 0.000000 0.000000 0.000000
1 1708682407 3.000000 1 3.000000 3.000000 3.000000
2 1708682407 0.000000 1 0.000000 0.000000 0.000000
3 1708682407 0.000000 1 0.000000 0.000000 0.000000
4 1708682407 0.000000 1 0.000000 0.000000 0.000000
1 1708682408 3.000000 1 3.000000 3.000000 3.000000
2 1708682408 0.000000 1 0.000000 0.000000 0.000000
3 1708682408 0.000000 1 0.000000 0.000000 0.000000
4 1708682408 0.000000 1 0.000000 0.000000 0.000000
1 1708682409 3.000000 1 3.000000 3.000000 3.000000
2 1708682409 0.000000 1 0.000000 0.000000 0.000000
3 1708682409 0.000000 1 0.000000 0.000000 0.000000
4 1708682409 0.000000 1 0.000000 0.000000 0.000000
1 1708682410 2.000000 1 2.000000 2.000000 2.000000
2 1708682410 0.000000 1 0.000000 0.000000 0.000000
3 1708682410 1.000000 1 1.000000 1.000000 1.000000
4 1708682410 0.000000 1 0.000000 0.000000 0.000000
1 1708682411 2.000000 1 2.000000 2.000000 2.000000
2 1708682411 0.000000 1 0.000000 0.000000 0.000000
3 1708682411 1.000000 1 1.000000 1.000000 1.000000
4 1708682411 0.000000 1 0.000000 0.000000 0.000000
1 1708682412 2.000000 1 2.000000 2.000000 2.000000
2 1708682412 0.000000 1 0.000000 0.000000 0.000000
3 1708682412 1.000000 1 1.000000 1.000000 1.000000
4 1708682412 0.000000 1 0.000000 0.000000 0.000000
1 1708682413 2.000000 1 2.000000 2.000000 2.000000
2 1708682413 0.000000 1 0.000000 0.000000 0.000000
3 1708682413 1.000000 1 1.000000 1.000000 1.000000
4 1708682413 0.000000 1 0.000000 0.000000 0.000000
1 1708682414 2.000000 1 2.000000 2.000000 2.000000
2 1708682414 0.000000 1 0.000000 0.000000 0.000000
3 1708682414 1.000000 1 1.000000 1.000000 1.000000
4 1708682414 0.000000 1 0.000000 0.000000 0.000000
1 1708682415 2.000000 1 2.000000 2.000000 2.000000
2 1708682415 0.000000 1 0.000000 0.000000 0.000000
3 1708682415 1.000000 1 1.000000 1.000000 1.000000
4 1708682415 0.000000 1 0.000000 0.000000 0.000000
1 1708682416 2.000000 1 2.000000 2.000000 2.000000
2 1708682416 0.000000 1 0.000000 0.000000 0.000000
3 1708682416 1.000000 1 1.000000 1.000000 1.000000
4 1708682416 0.000000 1 0.000000 0.000000 0.000000
1 1708682417 2.000000 1 2.000000 2.000000 2.000000
2 1708682417 0.000000 1 0.000000 0.000000 0.000000
3 1708682417 1.000000 1 1.000000 1.000000 1.000000
4 1708682417 0.000000 1 0.000000 0.000000 0.000000
1 1708682418 2.000000 1 2.000000 2.000000 2.000000
2 1708682418 0.000000 1 0.000000 0.000000 0.000000
3 1708682418 1.000000 1 1.000000 1.000000 1.000000
4 1708682418 0.000000 1 0.000000 0.000000 0.000000
1 1708682419 2.000000 1 2.000000 2.000000 2.000000
2 1708682419 0.000000 1 0.000000 0.000000 0.000000
3 1708682419 1.000000 1 1.000000 1.000000 1.000000
4 1708682419 0.000000 1 0.000000 0.000000 0.000000
1 1708682420 2.000000 1 2.000000 2.000000 2.000000
2 1708682420 0.000000 1 0.000000 0.000000 0.000000
3 1708682420 1.000000 1 1.000000 1.000000 1.000000
4 1708682420 0.000000 1 0.000000 0.000000 0.000000
1 1708682421 2.000000 1 2.000000 2.000000 2.000000
2 1708682421 0.000000 1 0.000000 0.000000 0.000000
3 1708682421 1.000000 1 1.000000 1.000000 1.000000
4 1708682421 0.000000 1 0.000000 0.000000 0.000000
1 1708682422 2.000000 1 2.000000 2.000000 2.000000
2 1708682422 0.000000 1 0.000000 0.000000 0.000000
3 1708682422 1.000000 1 1.000000 1.000000 1.000000
4 1708682422 0.000000 1 0.000000 0.000000 0.000000
1 1708682423 2.000000 1 2.000000 2.000000 2.000000
2 1708682423 0.000000 1 0.000000 0.000000 0.000000
3 1708682423 1.000000 1 1.000000 1.000000 1.000000
4 1708682423 0.000000 1 0.000000 0.000000 0.000000
1 1708682424 2.000000 1 2.000000 2.000000 2.000000
2 1708682424 0.000000 1 0.000000 0.000000 0.000000
3 1708682424 1.000000 1 1.000000 1.000000 1.000000
4 1708682424 0.000000 1 0.000000 0.000000 0.000000
1 1708682425 1.000000 1 1.000000 1.000000 1.000000
2 1708682425 0.000000 1 0.000000 0.000000 0.000000
3 1708682425 2.000000 1 2.000000 2.000000 2.000000
4 1708682425 0.000000 1 0.000000 0.000000 0.000000
1 1708682426 1.000000 1 1.000000 1.000000 1.000000
2 1708682426 0.000000 1 0.000000 0.000000 0.000000
3 1708682426 2.000000 1 2.000000 2.000000 2.000000
4 1708682426 0.000000 1 0.000000 0.000000 0.000000
1 1708682427 1.000000 1 1.000000 1.000000 1.000000
2 1708682427 0.000000 1 0.000000 0.000000 0.000000
3 1708682427 2.000000 1 2.000000 2.000000 2.000000
4 1708682427 0.000000 1 0.000000 0.000000 0.000000
1 1708682428 1.000000 1 1.000000 1.000000 1.000000
2 1708682428 0.000000 1 0.000000 0.000000 0.000000
3 1708682428 2.000000 1 2.000000 2.000000 2.000000
4 1708682428 0.000000 1 0.000000 0.000000 0.000000
1 1708682429 1.000000 1 1.000000 1.000000 1.000000
2 1708682429 0.000000 1 0.000000 0.000000 0.000000
3 1708682429 2.000000 1 2.000000 2.000000 2.000000
4 1708682429 0.000000 1 0.000000 0.000000 0.000000
1 1708682430 1.000000 1 1.000000 1.000000 1.000000
2 1708682430 0.000000 1 0.000000 0.000000 0.000000
3 1708682430 2.000000 1 2.000000 2.000000 2.000000
4 1708682430 0.000000 1 0.000000 0.000000 0.000000
1 1708682431 1.000000 1 1.000000 1.000000 1.000000
2 1708682431 0.000000 1 0.000000 0.000000 0.000000
3 1708682431 2.000000 1 2.000000 2.000000 2.000000
4 1708682431 0.000000 1 0.000000 0.000000 0.000000
1 1708682432 1.000000 1 1.000000 1.000000 1.000000
2 1708682432 0.000000 1 0.000000 0.000000 0.000000
3 1708682432 2.000000 1 2.000000 2.000000 2.000000
4 1708682432 0.000000 1 0.000000 0.000000 0.000000
1 1708682433 1.000000 1 1.000000 1.000000 1.000000
2 1708682433 0.000000 1 0.000000 0.000000 0.000000
3 1708682433 2.000000 1 2.000000 2.000000 2.000000
4 1708682433 0.000000 1 0.000000 0.000000 0.000000
1 1708682434 1.000000 1 1.000000 1.000000 1.000000
2 1708682434 0.000000 1 0.000000 0.000000 0.000000
3 1708682434 2.000000 1 2.000000 2.000000 2.000000
4 1708682434 0.000000 1 0.000000 0.000000 0.000000
1 1708682435 1.000000 1 1.000000 1.000000 1.000000
2 1708682435 0.000000 1 0.000000 0.000000 0.000000
3 1708682435 2.000000 1 2.000000 2.000000 2.000000
4 1708682435 0.000000 1 0.000000 0.000000 0.000000
1 1708682436 1.000000 1 1.000000 1.000000 1.000000
2 1708682436 0.000000 1 0.000000 0.000000 0.000000
3 1708682436 2.000000 1 2.000000 2.000000 2.000000
4 1708682436 0.000000 1 0.000000 0.000000 0.000000
1 1708682437 1.000000 1 1.000000 1.000000 1.000000
2 1708682437 0.000000 1 0.000000 0.000000 0.000000
3 1708682437 2.000000 1 2.000000 2.000000 2.000000
4 1708682437 0.000000 1 0.000000 0.000000 0.000000
1 1708682438 1.000000 1 1.000000 1.000000 1.000000
2 1708682438 0.000000 1 0.000000 0.000000 0.000000
3 1708682438 2.000000 1 2.000000 2.000000 2.000000
4 1708682438 0.000000 1 0.000000 0.000000 0.000000
1 1708682439 1.000000 1 1.000000 1.000000 1.000000
2 1708682439 0.000000 1 0.000000 0.000000 0.000000
3 1708682439 2.000000 1 2.000000 2.000000 2.000000
4 1708682439 0.000000 1 0.000000 0.000000 0.000000
1 1708682440 1.000000 1 1.000000 1.000000 1.000000
2 1708682440 0.000000 1 0.000000 0.000000 0.000000
3 1708682440 2.000000 1 2.000000 2.000000 2.000000
4 1708682440 0.000000 1 0.000000 0.000000 0.000000
1 1708682441 1.000000 1 1.000000 1.000000 1.000000
2 1708682441 0.000000 1 0.000000 0.000000 0.000000
3 1708682441 2.000000 1 2.000000 2.000000 2.000000
4 1708682441 0.000000 1 0.000000 0.000000 0.000000
1 1708682442 1.000000 1 1.000000 1.000000 1.000000
2 1708682442 0.000000 1 0.000000 0.000000 0.000000
3 1708682442 2.000000 1 2.000000 2.000000 2.000000
4 1708682442 0.000000 1 0.000000 0.000000 0.000000
1 1708682443 1.000000 1 1.000000 1.000000 1.000000
2 1708682443 0.000000 1 0.000000 0.000000 0.000000
3 1708682443 2.000000 1 2.000000 2.000000 2.000000
4 1708682443 0.000000 1 0.000000 0.000000 0.000000
1 1708682444 1.000000 1 1.000000 1.000000 1.000000
2 1708682444 0.000000 1 0.000000 0.000000 0.000000
3 1708682444 2.000000 1 2.000000 2.000000 2.000000
4 1708682444 0.000000 1 0.000000 0.000000 0.000000
1 1708682445 1.000000 1 1.000000 1.000000 1.000000
2 1708682445 0.000000 1 0.000000 0.000000 0.000000
3 1708682445 2.000000 1 2.000000 2.000000 2.000000
4 1708682445 0.000000 1 0.000000 0.000000 0.000000
1 1708682446 1.000000 1 1.000000 1.000000 1.000000
2 1708682446 0.000000 1 0.000000 0.000000 0.000000
3 1708682446 2.000000 1 2.000000 2.000000 2.000000
4 1708682446 0.000000 1 0.000000 0.000000 0.000000
1 1708682447 1.000000 1 1.000000 1.000000 1.000000
2 1708682447 0.000000 1 0.000000 0.000000 0.000000
3 1708682447 2.000000 1 2.000000 2.000000 2.000000
4 1708682447 0.000000 1 0.000000 0.000000 0.000000
1 1708682448 1.000000 1 1.000000 1.000000 1.000000
2 1708682448 0.000000 1 0.000000 0.000000 0.000000
3 1708682448 2.000000 1 2.000000 2.000000 2.000000
4 1708682448 0.000000 1 0.000000 0.000000 0.000000
1 1708682449 1.000000 1 1.000000 1.000000 1.000000
2 1708682449 0.000000 1 0.000000 0.000000 0.000000
3 1708682449 2.000000 1 2.000000 2.000000 2.000000
4 1708682449 0.000000 1 0.000000 0.000000 0.000000
1 1708682450 1.000000 1 1.000000 1.000000 1.000000
2 1708682450 0.000000 1 0.000000 0.000000 0.000000
3 1708682450 2.000000 1 2.000000 2.000000 2.000000
4 1708682450 0.000000 1 0.000000 0.000000 0.000000
1 1708682451 1.000000 1 1.000000 1.000000 1.000000
2 1708682451 0.000000 1 0.000000 0.000000 0.000000
3 1708682451 2.000000 1 2.000000 2.000000 2.000000
4 1708682451 0.000000 1 0.000000 0.000000 0.000000
1 1708682452 1.000000 1 1.000000 1.000000 1.000000
2 1708682452 0.000000 1 0.000000 0.000000 0.000000
3 1708682452 2.000000 1 2.000000 2.000000 2.000000
4 1708682452 0.000000 1 0.000000 0.000000 0.000000
1 1708682454 1.000000 1 1.000000 1.000000 1.000000
2 1708682454 0.000000 1 0.000000 0.000000 0.000000
3 1708682454 2.000000 1 2.000000 2.000000 2.000000
4 1708682454 0.000000 1 0.000000 0.000000 0.000000
1 1708682455 1.000000 1 1.000000 1.000000 1.000000
2 1708682455 0.000000 1 0.000000 0.000000 0.000000
3 1708682455 2.000000 1 2.000000 2.000000 2.000000
4 1708682455 0.000000 1 0.000000 0.000000 0.000000
1 1708682456 1.000000 1 1.000000 1.000000 1.000000
2 1708682456 0.000000 1 0.000000 0.000000 0.000000
3 1708682456 2.000000 1 2.000000 2.000000 2.000000
4 1708682456 0.000000 1 0.000000 0.000000 0.000000
1 1708682457 1.000000 1 1.000000 1.000000 1.000000
2 1708682457 0.000000 1 0.000000 0.000000 0.000000
3 1708682457 2.000000 1 2.000000 2.000000 2.000000
4 1708682457 0.000000 1 0.000000 0.000000 0.000000
1 1708682458 1.000000 1 1.000000 1.000000 1.000000
2 1708682458 0.000000 1 0.000000 0.000000 0.000000
3 1708682458 2.000000 1 2.000000 2.000000 2.000000
4 1708682458 0.000000 1 0.000000 0.000000 0.000000
1 1708682459 1.000000 1 1.000000 1.000000 1.000000
2 1708682459 0.000000 1 0.000000 0.000000 0.000000
3 1708682459 2.000000 1 2.000000 2.000000 2.000000
4 1708682459 0.000000 1 0.000000 0.000000 0.000000
1 1708682460 1.000000 1 1.000000 1.000000 1.000000
2 1708682460 0.000000 1 0.000000 0.000000 0.000000
3 1708682460 2.000000 1 2.000000 2.000000 2.000000
4 1708682460 0.000000 1 0.000000 0.000000 0.000000
1 1708682461 1.000000 1 1.000000 1.000000 1.000000
2 1708682461 0.000000 1 0.000000 0.000000 0.000000
3 1708682461 2.000000 1 2.000000 2.000000 2.000000
4 1708682461 0.000000 1 0.000000 0.000000 0.000000
1 1708682462 1.000000 1 1.000000 1.000000 1.000000
2 1708682462 0.000000 1 0.000000 0.000000 0.000000
3 1708682462 2.000000 1 2.000000 2.000000 2.000000
4 1708682462 0.000000 1 0.000000 0.000000 0.000000
1 1708682463 1.000000 1 1.000000 1.000000 1.000000
2 1708682463 0.000000 1 0.000000 0.000000 0.000000
3 1708682463 2.000000 1 2.000000 2.000000 2.000000
4 1708682463 0.000000 1 0.000000 0.000000 0.000000
1 1708682464 1.000000 1 1.000000 1.000000 1.000000
2 1708682464 0.000000 1 0.000000 0.000000 0.000000
3 1708682464 2.000000 1 2.000000 2.000000 2.000000
4 1708682464 0.000000 1 0.000000 0.000000 0.000000
1 1708682465 1.000000 1 1.000000 1.000000 1.000000
2 1708682465 0.000000 1 0.000000 0.000000 0.000000
3 1708682465 2.000000 1 2.000000 2.000000 2.000000
4 1708682465 0.000000 1 0.000000 0.000000 0.000000
1 1708682466 1.000000 1 1.000000 1.000000 1.000000
2 1708682466 0.000000 1 0.000000 0.000000 0.000000
3 1708682466 2.000000 1 2.000000 2.000000 2.000000
4 1708682466 0.000000 1 0.000000 0.000000 0.000000
1 1708682467 1.000000 1 1.000000 1.000000 1.000000
2 1708682467 0.000000 1 0.000000 0.000000 0.000000
3 1708682467 2.000000 1 2.000000 2.000000 2.000000
4 1708682467 0.000000 1 0.000000 0.000000 0.000000
1 1708682468 1.000000 1 1.000000 1.000000 1.000000
2 1708682468 0.000000 1 0.000000 0.000000 0.000000
3 1708682468 2.000000 1 2.000000 2.000000 2.000000
4 1708682468 0.000000 1 0.000000 0.000000 0.000000
1 1708682469 1.000000 1 1.000000 1.000000 1.000000
2 1708682469 0.000000 1 0.000000 0.000000 0.000000
3 1708682469 2.000000 1 2.000000 2.000000 2.000000
4 1708682469 0.000000 1 0.000000 0.000000 0.000000
1 1708682470 0.000000 1 0.000000 0.000000 0.000000
2 1708682470 0.000000 1 0.000000 0.000000 0.000000
3 1708682470 3.000000 1 3.000000 3.000000 3.000000
4 1708682470 0.000000 1 0.000000 0.000000 0.000000
