1 1708672455 0.000000 1 0.000000 0.000000 0.000000
2 1708672455 0.000000 1 0.000000 0.000000 0.000000
3 1708672455 0.000000 1 0.000000 0.000000 0.000000
4 1708672455 0.000000 1 0.000000 0.000000 0.000000
1 1708672456 0.000000 1 0.000000 0.000000 0.000000
2 1708672456 0.000000 1 0.000000 0.000000 0.000000
3 1708672456 0.000000 1 0.000000 0.000000 0.000000
4 1708672456 0.000000 1 0.000000 0.000000 0.000000
1 1708672457 1.000000 1 1.000000 1.000000 1.000000
2 1708672457 0.000000 1 0.000000 0.000000 0.000000
3 1708672457 0.000000 1 0.000000 0.000000 0.000000
4 1708672457 0.000000 1 0.000000 0.000000 0.000000
1 1708672458 1.000000 1 1.000000 1.000000 1.000000
2 1708672458 0.000000 1 0.000000 0.000000 0.000000
3 1708672458 0.000000 1 0.000000 0.000000 0.000000
4 1708672458 0.000000 1 0.000000 0.000000 0.000000
1 1708672459 1.000000 1 1.000000 1.000000 1.000000
2 1708672459 0.000000 1 0.000000 0.000000 0.000000
3 1708672459 0.000000 1 0.000000 0.000000 0.000000
4 1708672459 0.000000 1 0.000000 0.000000 0.000000
1 1708672460 1.000000 1 1.000000 1.000000 1.000000
2 1708672460 0.000000 1 0.000000 0.000000 0.000000
3 1708672460 0.000000 1 0.000000 0.000000 0.000000
4 1708672460 0.000000 1 0.000000 0.000000 0.000000
1 1708672461 1.000000 1 1.000000 1.000000 1.000000
2 1708672461 0.000000 1 0.000000 0.000000 0.000000
3 1708672461 0.000000 1 0.000000 0.000000 0.000000
4 1708672461 0.000000 1 0.000000 0.000000 0.000000
1 1708672462 1.000000 1 1.000000 1.000000 1.000000
2 1708672462 0.000000 1 0.000000 0.000000 0.000000
3 1708672462 0.000000 1 0.000000 0.000000 0.000000
4 1708672462 0.000000 1 0.000000 0.000000 0.000000
1 1708672463 1.000000 1 1.000000 1.000000 1.000000
2 1708672463 0.000000 1 0.000000 0.000000 0.000000
3 1708672463 0.000000 1 0.000000 0.000000 0.000000
4 1708672463 0.000000 1 0.000000 0.000000 0.000000
1 1708672464 1.000000 1 1.000000 1.000000 1.000000
2 1708672464 0.000000 1 0.000000 0.000000 0.000000
3 1708672464 0.000000 1 0.000000 0.000000 0.000000
4 1708672464 0.000000 1 0.000000 0.000000 0.000000
1 1708672465 2.000000 1 2.000000 2.000000 2.000000
2 1708672465 0.000000 1 0.000000 0.000000 0.000000
3 1708672465 0.000000 1 0.000000 0.000000 0.000000
4 1708672465 0.000000 1 0.000000 0.000000 0.000000
1 1708672466 2.000000 1 2.000000 2.000000 2.000000
2 1708672466 0.000000 1 0.000000 0.000000 0.000000
3 1708672466 0.000000 1 0.000000 0.000000 0.000000
4 1708672466 0.000000 1 0.000000 0.000000 0.000000
1 1708672467 2.000000 1 2.000000 2.000000 2.000000
2 1708672467 0.000000 1 0.000000 0.000000 0.000000
3 1708672467 0.000000 1 0.000000 0.000000 0.000000
4 1708672467 0.000000 1 0.000000 0.000000 0.000000
1 1708672468 2.000000 1 2.000000 2.000000 2.000000
2 1708672468 0.000000 1 0.000000 0.000000 0.000000
3 1708672468 0.000000 1 0.000000 0.000000 0.000000
4 1708672468 0.000000 1 0.000000 0.000000 0.000000
1 1708672469 2.000000 1 2.000000 2.000000 2.000000
2 1708672469 0.000000 1 0.000000 0.000000 0.000000
3 1708672469 0.000000 1 0.000000 0.000000 0.000000
4 1708672469 0.000000 1 0.000000 0.000000 0.000000
1 1708672470 2.000000 1 2.000000 2.000000 2.000000
2 1708672470 0.000000 1 0.000000 0.000000 0.000000
3 1708672470 0.000000 1 0.000000 0.000000 0.000000
4 1708672470 0.000000 1 0.000000 0.000000 0.000000
1 1708672471 2.000000 1 2.000000 2.000000 2.000000
2 1708672471 0.000000 1 0.000000 0.000000 0.000000
3 1708672471 0.000000 1 0.000000 0.000000 0.000000
4 1708672471 0.000000 1 0.000000 0.000000 0.000000
1 1708672472 2.000000 1 2.000000 2.000000 2.000000
2 1708672472 0.000000 1 0.000000 0.000000 0.000000
3 1708672472 0.000000 1 0.000000 0.000000 0.000000
4 1708672472 0.000000 1 0.000000 0.000000 0.000000
1 1708672473 2.000000 1 2.000000 2.000000 2.000000
2 1708672473 0.000000 1 0.000000 0.000000 0.000000
3 1708672473 0.000000 1 0.000000 0.000000 0.000000
4 1708672473 0.000000 1 0.000000 0.000000 0.000000
1 1708672474 2.000000 1 2.000000 2.000000 2.000000
2 1708672474 0.000000 1 0.000000 0.000000 0.000000
3 1708672474 0.000000 1 0.000000 0.000000 0.000000
4 1708672474 0.000000 1 0.000000 0.000000 0.000000
1 1708672475 3.000000 1 3.000000 3.000000 3.000000
2 1708672475 0.000000 1 0.000000 0.000000 0.000000
3 1708672475 0.000000 1 0.000000 0.000000 0.000000
4 1708672475 0.000000 1 0.000000 0.000000 0.000000
1 1708672476 3.000000 1 3.000000 3.000000 3.000000
2 1708672476 0.000000 1 0.000000 0.000000 0.000000
3 1708672476 0.000000 1 0.000000 0.000000 0.000000
4 1708672476 0.000000 1 0.000000 0.000000 0.000000
1 1708672477 3.000000 1 3.000000 3.000000 3.000000
2 1708672477 0.000000 1 0.000000 0.000000 0.000000
3 1708672477 0.000000 1 0.000000 0.000000 0.000000
4 1708672477 0.000000 1 0.000000 0.000000 0.000000
1 1708672479 3.000000 1 3.000000 3.000000 3.000000
2 1708672479 0.000000 1 0.000000 0.000000 0.000000
3 1708672479 0.000000 1 0.000000 0.000000 0.000000
4 1708672479 0.000000 1 0.000000 0.000000 0.000000
1 1708672480 3.000000 1 3.000000 3.000000 3.000000
2 1708672480 0.000000 1 0.000000 0.000000 0.000000
3 1708672480 0.000000 1 0.000000 0.000000 0.000000
4 1708672480 0.000000 1 0.000000 0.000000 0.000000
1 1708672481 3.000000 1 3.000000 3.000000 3.000000
2 1708672481 0.000000 1 0.000000 0.000000 0.000000
3 1708672481 0.000000 1 0.000000 0.000000 0.000000
4 1708672481 0.000000 1 0.000000 0.000000 0.000000
1 1708672482 3.000000 1 3.000000 3.000000 3.000000
2 1708672482 0.000000 1 0.000000 0.000000 0.000000
3 1708672482 0.000000 1 0.000000 0.000000 0.000000
4 1708672482 0.000000 1 0.000000 0.000000 0.000000
1 1708672483 3.000000 1 3.000000 3.000000 3.000000
2 1708672483 0.000000 1 0.000000 0.000000 0.000000
3 1708672483 0.000000 1 0.000000 0.000000 0.000000
4 1708672483 0.000000 1 0.000000 0.000000 0.000000
1 1708672484 3.000000 1 3.000000 3.000000 3.000000
2 1708672484 0.000000 1 0.000000 0.000000 0.000000
3 1708672484 0.000000 1 0.000000 0.000000 0.000000
4 1708672484 0.000000 1 0.000000 0.000000 0.000000
1 1708672485 3.000000 1 3.000000 3.000000 3.000000
2 1708672485 0.000000 1 0.000000 0.000000 0.000000
3 1708672485 0.000000 1 0.000000 0.000000 0.000000
4 1708672485 0.000000 1 0.000000 0.000000 0.000000
1 1708672486 4.000000 1 4.000000 4.000000 4.000000
2 1708672486 0.000000 1 0.000000 0.000000 0.000000
3 1708672486 0.000000 1 0.000000 0.000000 0.000000
4 1708672486 0.000000 1 0.000000 0.000000 0.000000
1 1708672487 4.000000 1 4.000000 4.000000 4.000000
2 1708672487 0.000000 1 0.000000 0.000000 0.000000
3 1708672487 0.000000 1 0.000000 0.000000 0.000000
4 1708672487 0.000000 1 0.000000 0.000000 0.000000
1 1708672488 4.000000 1 4.000000 4.000000 4.000000
2 1708672488 0.000000 1 0.000000 0.000000 0.000000
3 1708672488 0.000000 1 0.000000 0.000000 0.000000
4 1708672488 0.000000 1 0.000000 0.000000 0.000000
1 1708672489 4.000000 1 4.000000 4.000000 4.000000
2 1708672489 0.000000 1 0.000000 0.000000 0.000000
3 1708672489 0.000000 1 0.000000 0.000000 0.000000
4 1708672489 0.000000 1 0.000000 0.000000 0.000000
1 1708672490 4.000000 1 4.000000 4.000000 4.000000
2 1708672490 0.000000 1 0.000000 0.000000 0.000000
3 1708672490 0.000000 1 0.000000 0.000000 0.000000
4 1708672490 0.000000 1 0.000000 0.000000 0.000000
1 1708672491 4.000000 1 4.000000 4.000000 4.000000
2 1708672491 0.000000 1 0.000000 0.000000 0.000000
3 1708672491 0.000000 1 0.000000 0.000000 0.000000
4 1708672491 0.000000 1 0.000000 0.000000 0.000000
1 1708672492 4.000000 1 4.000000 4.000000 4.000000
2 1708672492 0.000000 1 0.000000 0.000000 0.000000
3 1708672492 0.000000 1 0.000000 0.000000 0.000000
4 1708672492 0.000000 1 0.000000 0.000000 0.000000
1 1708672493 4.000000 1 4.000000 4.000000 4.000000
2 1708672493 0.000000 1 0.000000 0.000000 0.000000
3 1708672493 0.000000 1 0.000000 0.000000 0.000000
4 1708672493 0.000000 1 0.000000 0.000000 0.000000
1 1708672494 4.000000 1 4.000000 4.000000 4.000000
2 1708672494 0.000000 1 0.000000 0.000000 0.000000
3 1708672494 0.000000 1 0.000000 0.000000 0.000000
4 1708672494 0.000000 1 0.000000 0.000000 0.000000
1 1708672495 4.000000 1 4.000000 4.000000 4.000000
2 1708672495 0.000000 1 0.000000 0.000000 0.000000
3 1708672495 0.000000 1 0.000000 0.000000 0.000000
4 1708672495 0.000000 1 0.000000 0.000000 0.000000
1 1708672496 5.000000 1 5.000000 5.000000 5.000000
2 1708672496 0.000000 1 0.000000 0.000000 0.000000
3 1708672496 0.000000 1 0.000000 0.000000 0.000000
4 1708672496 0.000000 1 0.000000 0.000000 0.000000
1 1708672497 5.000000 1 5.000000 5.000000 5.000000
2 1708672497 0.000000 1 0.000000 0.000000 0.000000
3 1708672497 0.000000 1 0.000000 0.000000 0.000000
4 1708672497 0.000000 1 0.000000 0.000000 0.000000
1 1708672498 5.000000 1 5.000000 5.000000 5.000000
2 1708672498 0.000000 1 0.000000 0.000000 0.000000
3 1708672498 0.000000 1 0.000000 0.000000 0.000000
4 1708672498 0.000000 1 0.000000 0.000000 0.000000
1 1708672499 5.000000 1 5.000000 5.000000 5.000000
2 1708672499 0.000000 1 0.000000 0.000000 0.000000
3 1708672499 0.000000 1 0.000000 0.000000 0.000000
4 1708672499 0.000000 1 0.000000 0.000000 0.000000
1 1708672500 5.000000 1 5.000000 5.000000 5.000000
2 1708672500 0.000000 1 0.000000 0.000000 0.000000
3 1708672500 0.000000 1 0.000000 0.000000 0.000000
4 1708672500 0.000000 1 0.000000 0.000000 0.000000
1 1708672501 5.000000 1 5.000000 5.000000 5.000000
2 1708672501 0.000000 1 0.000000 0.000000 0.000000
3 1708672501 0.000000 1 0.000000 0.000000 0.000000
4 1708672501 0.000000 1 0.000000 0.000000 0.000000
1 1708672502 5.000000 1 5.000000 5.000000 5.000000
2 1708672502 0.000000 1 0.000000 0.000000 0.000000
3 1708672502 0.000000 1 0.000000 0.000000 0.000000
4 1708672502 0.000000 1 0.000000 0.000000 0.000000
1 1708672503 5.000000 1 5.000000 5.000000 5.000000
2 1708672503 0.000000 1 0.000000 0.000000 0.000000
3 1708672503 0.000000 1 0.000000 0.000000 0.000000
4 1708672503 0.000000 1 0.000000 0.000000 0.000000
1 1708672504 5.000000 1 5.000000 5.000000 5.000000
2 1708672504 0.000000 1 0.000000 0.000000 0.000000
3 1708672504 0.000000 1 0.000000 0.000000 0.000000
4 1708672504 0.000000 1 0.000000 0.000000 0.000000
1 1708672505 5.000000 1 5.000000 5.000000 5.000000
2 1708672505 0.000000 1 0.000000 0.000000 0.000000
3 1708672505 0.000000 1 0.000000 0.000000 0.000000
4 1708672505 0.000000 1 0.000000 0.000000 0.000000
1 1708672506 6.000000 1 6.000000 6.000000 6.000000
2 1708672506 0.000000 1 0.000000 0.000000 0.000000
3 1708672506 0.000000 1 0.000000 0.000000 0.000000
4 1708672506 0.000000 1 0.000000 0.000000 0.000000
1 1708672507 6.000000 1 6.000000 6.000000 6.000000
2 1708672507 0.000000 1 0.000000 0.000000 0.000000
3 1708672507 0.000000 1 0.000000 0.000000 0.000000
4 1708672507 0.000000 1 0.000000 0.000000 0.000000
1 1708672508 6.000000 1 6.000000 6.000000 6.000000
2 1708672508 0.000000 1 0.000000 0.000000 0.000000
3 1708672508 0.000000 1 0.000000 0.000000 0.000000
4 1708672508 0.000000 1 0.000000 0.000000 0.000000
1 1708672509 6.000000 1 6.000000 6.000000 6.000000
2 1708672509 0.000000 1 0.000000 0.000000 0.000000
3 1708672509 0.000000 1 0.000000 0.000000 0.000000
4 1708672509 0.000000 1 0.000000 0.000000 0.000000
1 1708672510 6.000000 1 6.000000 6.000000 6.000000
2 1708672510 0.000000 1 0.000000 0.000000 0.000000
3 1708672510 0.000000 1 0.000000 0.000000 0.000000
4 1708672510 0.000000 1 0.000000 0.000000 0.000000
1 1708672511 6.000000 1 6.000000 6.000000 6.000000
2 1708672511 0.000000 1 0.000000 0.000000 0.000000
3 1708672511 0.000000 1 0.000000 0.000000 0.000000
4 1708672511 0.000000 1 0.000000 0.000000 0.000000
1 1708672512 6.000000 1 6.000000 6.000000 6.000000
2 1708672512 0.000000 1 0.000000 0.000000 0.000000
3 1708672512 0.000000 1 0.000000 0.000000 0.000000
4 1708672512 0.000000 1 0.000000 0.000000 0.000000
1 1708672513 6.000000 1 6.000000 6.000000 6.000000
2 1708672513 0.000000 1 0.000000 0.000000 0.000000
3 1708672513 0.000000 1 0.000000 0.000000 0.000000
4 1708672513 0.000000 1 0.000000 0.000000 0.000000
1 1708672514 6.000000 1 6.000000 6.000000 6.000000
2 1708672514 0.000000 1 0.000000 0.000000 0.000000
3 1708672514 0.000000 1 0.000000 0.000000 0.000000
4 1708672514 0.000000 1 0.000000 0.000000 0.000000
1 1708672515 6.000000 1 6.000000 6.000000 6.000000
2 1708672515 0.000000 1 0.000000 0.000000 0.000000
3 1708672515 0.000000 1 0.000000 0.000000 0.000000
4 1708672515 0.000000 1 0.000000 0.000000 0.000000
1 1708672516 6.000000 1 6.000000 6.000000 6.000000
2 1708672516 0.000000 1 0.000000 0.000000 0.000000
3 1708672516 0.000000 1 0.000000 0.000000 0.000000
4 1708672516 0.000000 1 0.000000 0.000000 0.000000
1 1708672517 6.000000 1 6.000000 6.000000 6.000000
2 1708672517 0.000000 1 0.000000 0.000000 0.000000
3 1708672517 0.000000 1 0.000000 0.000000 0.000000
4 1708672517 0.000000 1 0.000000 0.000000 0.000000
1 1708672518 6.000000 1 6.000000 6.000000 6.000000
2 1708672518 0.000000 1 0.000000 0.000000 0.000000
3 1708672518 0.000000 1 0.000000 0.000000 0.000000
4 1708672518 0.000000 1 0.000000 0.000000 0.000000
1 1708672519 6.000000 1 6.000000 6.000000 6.000000
2 1708672519 0.000000 1 0.000000 0.000000 0.000000
3 1708672519 0.000000 1 0.000000 0.000000 0.000000
4 1708672519 0.000000 1 0.000000 0.000000 0.000000
1 1708672520 6.000000 1 6.000000 6.000000 6.000000
2 1708672520 0.000000 1 0.000000 0.000000 0.000000
3 1708672520 0.000000 1 0.000000 0.000000 0.000000
4 1708672520 0.000000 1 0.000000 0.000000 0.000000
1 1708672521 6.000000 1 6.000000 6.000000 6.000000
2 1708672521 0.000000 1 0.000000 0.000000 0.000000
3 1708672521 0.000000 1 0.000000 0.000000 0.000000
4 1708672521 0.000000 1 0.000000 0.000000 0.000000
1 1708672522 6.000000 1 6.000000 6.000000 6.000000
2 1708672522 0.000000 1 0.000000 0.000000 0.000000
3 1708672522 0.000000 1 0.000000 0.000000 0.000000
4 1708672522 0.000000 1 0.000000 0.000000 0.000000
1 1708672523 6.000000 1 6.000000 6.000000 6.000000
2 1708672523 0.000000 1 0.000000 0.000000 0.000000
3 1708672523 0.000000 1 0.000000 0.000000 0.000000
4 1708672523 0.000000 1 0.000000 0.000000 0.000000
1 1708672524 6.000000 1 6.000000 6.000000 6.000000
2 1708672524 0.000000 1 0.000000 0.000000 0.000000
3 1708672524 0.000000 1 0.000000 0.000000 0.000000
4 1708672524 0.000000 1 0.000000 0.000000 0.000000
1 1708672525 6.000000 1 6.000000 6.000000 6.000000
2 1708672525 0.000000 1 0.000000 0.000000 0.000000
3 1708672525 0.000000 1 0.000000 0.000000 0.000000
4 1708672525 0.000000 1 0.000000 0.000000 0.000000
1 1708672526 6.000000 1 6.000000 6.000000 6.000000
2 1708672526 0.000000 1 0.000000 0.000000 0.000000
3 1708672526 0.000000 1 0.000000 0.000000 0.000000
4 1708672526 0.000000 1 0.000000 0.000000 0.000000
1 1708672527 6.000000 1 6.000000 6.000000 6.000000
2 1708672527 0.000000 1 0.000000 0.000000 0.000000
3 1708672527 0.000000 1 0.000000 0.000000 0.000000
4 1708672527 0.000000 1 0.000000 0.000000 0.000000
1 1708672528 6.000000 1 6.000000 6.000000 6.000000
2 1708672528 0.000000 1 0.000000 0.000000 0.000000
3 1708672528 0.000000 1 0.000000 0.000000 0.000000
4 1708672528 0.000000 1 0.000000 0.000000 0.000000
1 1708672529 6.000000 1 6.000000 6.000000 6.000000
2 1708672529 0.000000 1 0.000000 0.000000 0.000000
3 1708672529 0.000000 1 0.000000 0.000000 0.000000
4 1708672529 0.000000 1 0.000000 0.000000 0.000000
1 1708672530 6.000000 1 6.000000 6.000000 6.000000
2 1708672530 0.000000 1 0.000000 0.000000 0.000000
3 1708672530 0.000000 1 0.000000 0.000000 0.000000
4 1708672530 0.000000 1 0.000000 0.000000 0.000000
1 1708672531 6.000000 1 6.000000 6.000000 6.000000
2 1708672531 0.000000 1 0.000000 0.000000 0.000000
3 1708672531 0.000000 1 0.000000 0.000000 0.000000
4 1708672531 0.000000 1 0.000000 0.000000 0.000000
1 1708672532 6.000000 1 6.000000 6.000000 6.000000
2 1708672532 0.000000 1 0.000000 0.000000 0.000000
3 1708672532 0.000000 1 0.000000 0.000000 0.000000
4 1708672532 0.000000 1 0.000000 0.000000 0.000000
1 1708672533 6.000000 1 6.000000 6.000000 6.000000
2 1708672533 0.000000 1 0.000000 0.000000 0.000000
3 1708672533 0.000000 1 0.000000 0.000000 0.000000
4 1708672533 0.000000 1 0.000000 0.000000 0.000000
1 1708672534 6.000000 1 6.000000 6.000000 6.000000
2 1708672534 0.000000 1 0.000000 0.000000 0.000000
3 1708672534 0.000000 1 0.000000 0.000000 0.000000
4 1708672534 0.000000 1 0.000000 0.000000 0.000000
1 1708672535 6.000000 1 6.000000 6.000000 6.000000
2 1708672535 0.000000 1 0.000000 0.000000 0.000000
3 1708672535 0.000000 1 0.000000 0.000000 0.000000
4 1708672535 0.000000 1 0.000000 0.000000 0.000000
1 1708672536 6.000000 1 6.000000 6.000000 6.000000
2 1708672536 0.000000 1 0.000000 0.000000 0.000000
3 1708672536 0.000000 1 0.000000 0.000000 0.000000
4 1708672536 0.000000 1 0.000000 0.000000 0.000000
1 1708672537 6.000000 1 6.000000 6.000000 6.000000
2 1708672537 0.000000 1 0.000000 0.000000 0.000000
3 1708672537 0.000000 1 0.000000 0.000000 0.000000
4 1708672537 0.000000 1 0.000000 0.000000 0.000000
1 1708672538 6.000000 1 6.000000 6.000000 6.000000
2 1708672538 0.000000 1 0.000000 0.000000 0.000000
3 1708672538 0.000000 1 0.000000 0.000000 0.000000
4 1708672538 0.000000 1 0.000000 0.000000 0.000000
1 1708672539 6.000000 1 6.000000 6.000000 6.000000
2 1708672539 0.000000 1 0.000000 0.000000 0.000000
3 1708672539 0.000000 1 0.000000 0.000000 0.000000
4 1708672539 0.000000 1 0.000000 0.000000 0.000000
1 1708672540 6.000000 1 6.000000 6.000000 6.000000
2 1708672540 0.000000 1 0.000000 0.000000 0.000000
3 1708672540 0.000000 1 0.000000 0.000000 0.000000
4 1708672540 0.000000 1 0.000000 0.000000 0.000000
1 1708672541 6.000000 1 6.000000 6.000000 6.000000
2 1708672541 0.000000 1 0.000000 0.000000 0.000000
3 1708672541 0.000000 1 0.000000 0.000000 0.000000
4 1708672541 0.000000 1 0.000000 0.000000 0.000000
1 1708672542 6.000000 1 6.000000 6.000000 6.000000
2 1708672542 0.000000 1 0.000000 0.000000 0.000000
3 1708672542 0.000000 1 0.000000 0.000000 0.000000
4 1708672542 0.000000 1 0.000000 0.000000 0.000000
1 1708672544 6.000000 1 6.000000 6.000000 6.000000
2 1708672544 0.000000 1 0.000000 0.000000 0.000000
3 1708672544 0.000000 1 0.000000 0.000000 0.000000
4 1708672544 0.000000 1 0.000000 0.000000 0.000000
1 1708672545 6.000000 1 6.000000 6.000000 6.000000
2 1708672545 0.000000 1 0.000000 0.000000 0.000000
3 1708672545 0.000000 1 0.000000 0.000000 0.000000
4 1708672545 0.000000 1 0.000000 0.000000 0.000000
1 1708672546 6.000000 1 6.000000 6.000000 6.000000
2 1708672546 0.000000 1 0.000000 0.000000 0.000000
3 1708672546 0.000000 1 0.000000 0.000000 0.000000
4 1708672546 0.000000 1 0.000000 0.000000 0.000000
1 1708672547 6.000000 1 6.000000 6.000000 6.000000
2 1708672547 0.000000 1 0.000000 0.000000 0.000000
3 1708672547 0.000000 1 0.000000 0.000000 0.000000
4 1708672547 0.000000 1 0.000000 0.000000 0.000000
1 1708672548 6.000000 1 6.000000 6.000000 6.000000
2 1708672548 0.000000 1 0.000000 0.000000 0.000000
3 1708672548 0.000000 1 0.000000 0.000000 0.000000
4 1708672548 0.000000 1 0.000000 0.000000 0.000000
1 1708672549 6.000000 1 6.000000 6.000000 6.000000
2 1708672549 0.000000 1 0.000000 0.000000 0.000000
3 1708672549 0.000000 1 0.000000 0.000000 0.000000
4 1708672549 0.000000 1 0.000000 0.000000 0.000000
1 1708672550 6.000000 1 6.000000 6.000000 6.000000
2 1708672550 0.000000 1 0.000000 0.000000 0.000000
3 1708672550 0.000000 1 0.000000 0.000000 0.000000
4 1708672550 0.000000 1 0.000000 0.000000 0.000000
1 1708672551 6.000000 1 6.000000 6.000000 6.000000
2 1708672551 0.000000 1 0.000000 0.000000 0.000000
3 1708672551 0.000000 1 0.000000 0.000000 0.000000
4 1708672551 0.000000 1 0.000000 0.000000 0.000000
1 1708672552 6.000000 1 6.000000 6.000000 6.000000
2 1708672552 0.000000 1 0.000000 0.000000 0.000000
3 1708672552 0.000000 1 0.000000 0.000000 0.000000
4 1708672552 0.000000 1 0.000000 0.000000 0.000000
1 1708672553 6.000000 1 6.000000 6.000000 6.000000
2 1708672553 0.000000 1 0.000000 0.000000 0.000000
3 1708672553 0.000000 1 0.000000 0.000000 0.000000
4 1708672553 0.000000 1 0.000000 0.000000 0.000000
1 1708672554 6.000000 1 6.000000 6.000000 6.000000
2 1708672554 0.000000 1 0.000000 0.000000 0.000000
3 1708672554 0.000000 1 0.000000 0.000000 0.000000
4 1708672554 0.000000 1 0.000000 0.000000 0.000000
1 1708672555 6.000000 1 6.000000 6.000000 6.000000
2 1708672555 0.000000 1 0.000000 0.000000 0.000000
3 1708672555 0.000000 1 0.000000 0.000000 0.000000
4 1708672555 0.000000 1 0.000000 0.000000 0.000000
1 1708672556 6.000000 1 6.000000 6.000000 6.000000
2 1708672556 0.000000 1 0.000000 0.000000 0.000000
3 1708672556 0.000000 1 0.000000 0.000000 0.000000
4 1708672556 0.000000 1 0.000000 0.000000 0.000000
1 1708672557 6.000000 1 6.000000 6.000000 6.000000
2 1708672557 0.000000 1 0.000000 0.000000 0.000000
3 1708672557 0.000000 1 0.000000 0.000000 0.000000
4 1708672557 0.000000 1 0.000000 0.000000 0.000000
1 1708672558 6.000000 1 6.000000 6.000000 6.000000
2 1708672558 0.000000 1 0.000000 0.000000 0.000000
3 1708672558 0.000000 1 0.000000 0.000000 0.000000
4 1708672558 0.000000 1 0.000000 0.000000 0.000000
1 1708672559 6.000000 1 6.000000 6.000000 6.000000
2 1708672559 0.000000 1 0.000000 0.000000 0.000000
3 1708672559 0.000000 1 0.000000 0.000000 0.000000
4 1708672559 0.000000 1 0.000000 0.000000 0.000000
1 1708672560 6.000000 1 6.000000 6.000000 6.000000
2 1708672560 0.000000 1 0.000000 0.000000 0.000000
3 1708672560 0.000000 1 0.000000 0.000000 0.000000
4 1708672560 0.000000 1 0.000000 0.000000 0.000000
1 1708672561 6.000000 1 6.000000 6.000000 6.000000
2 1708672561 0.000000 1 0.000000 0.000000 0.000000
3 1708672561 0.000000 1 0.000000 0.000000 0.000000
4 1708672561 0.000000 1 0.000000 0.000000 0.000000
1 1708672562 6.000000 1 6.000000 6.000000 6.000000
2 1708672562 0.000000 1 0.000000 0.000000 0.000000
3 1708672562 0.000000 1 0.000000 0.000000 0.000000
4 1708672562 0.000000 1 0.000000 0.000000 0.000000
1 1708672563 6.000000 1 6.000000 6.000000 6.000000
2 1708672563 0.000000 1 0.000000 0.000000 0.000000
3 1708672563 0.000000 1 0.000000 0.000000 0.000000
4 1708672563 0.000000 1 0.000000 0.000000 0.000000
1 1708672564 6.000000 1 6.000000 6.000000 6.000000
2 1708672564 0.000000 1 0.000000 0.000000 0.000000
3 1708672564 0.000000 1 0.000000 0.000000 0.000000
4 1708672564 0.000000 1 0.000000 0.000000 0.000000
1 1708672565 6.000000 1 6.000000 6.000000 6.000000
2 1708672565 0.000000 1 0.000000 0.000000 0.000000
3 1708672565 0.000000 1 0.000000 0.000000 0.000000
4 1708672565 0.000000 1 0.000000 0.000000 0.000000
1 1708672566 6.000000 1 6.000000 6.000000 6.000000
2 1708672566 0.000000 1 0.000000 0.000000 0.000000
3 1708672566 0.000000 1 0.000000 0.000000 0.000000
4 1708672566 0.000000 1 0.000000 0.000000 0.000000
1 1708672567 6.000000 1 6.000000 6.000000 6.000000
2 1708672567 0.000000 1 0.000000 0.000000 0.000000
3 1708672567 0.000000 1 0.000000 0.000000 0.000000
4 1708672567 0.000000 1 0.000000 0.000000 0.000000
1 1708672568 6.000000 1 6.000000 6.000000 6.000000
2 1708672568 0.000000 1 0.000000 0.000000 0.000000
3 1708672568 0.000000 1 0.000000 0.000000 0.000000
4 1708672568 0.000000 1 0.000000 0.000000 0.000000
1 1708672569 6.000000 1 6.000000 6.000000 6.000000
2 1708672569 0.000000 1 0.000000 0.000000 0.000000
3 1708672569 0.000000 1 0.000000 0.000000 0.000000
4 1708672569 0.000000 1 0.000000 0.000000 0.000000
1 1708672570 6.000000 1 6.000000 6.000000 6.000000
2 1708672570 0.000000 1 0.000000 0.000000 0.000000
3 1708672570 0.000000 1 0.000000 0.000000 0.000000
4 1708672570 0.000000 1 0.000000 0.000000 0.000000
1 1708672571 6.000000 1 6.000000 6.000000 6.000000
2 1708672571 0.000000 1 0.000000 0.000000 0.000000
3 1708672571 0.000000 1 0.000000 0.000000 0.000000
4 1708672571 0.000000 1 0.000000 0.000000 0.000000
1 1708672572 6.000000 1 6.000000 6.000000 6.000000
2 1708672572 0.000000 1 0.000000 0.000000 0.000000
3 1708672572 0.000000 1 0.000000 0.000000 0.000000
4 1708672572 0.000000 1 0.000000 0.000000 0.000000
1 1708672573 6.000000 1 6.000000 6.000000 6.000000
2 1708672573 0.000000 1 0.000000 0.000000 0.000000
3 1708672573 0.000000 1 0.000000 0.000000 0.000000
4 1708672573 0.000000 1 0.000000 0.000000 0.000000
1 1708672574 6.000000 1 6.000000 6.000000 6.000000
2 1708672574 0.000000 1 0.000000 0.000000 0.000000
3 1708672574 0.000000 1 0.000000 0.000000 0.000000
4 1708672574 0.000000 1 0.000000 0.000000 0.000000
1 1708672575 6.000000 1 6.000000 6.000000 6.000000
2 1708672575 0.000000 1 0.000000 0.000000 0.000000
3 1708672575 0.000000 1 0.000000 0.000000 0.000000
4 1708672575 0.000000 1 0.000000 0.000000 0.000000
1 1708672576 6.000000 1 6.000000 6.000000 6.000000
2 1708672576 0.000000 1 0.000000 0.000000 0.000000
3 1708672576 0.000000 1 0.000000 0.000000 0.000000
4 1708672576 0.000000 1 0.000000 0.000000 0.000000
1 1708672577 6.000000 1 6.000000 6.000000 6.000000
2 1708672577 0.000000 1 0.000000 0.000000 0.000000
3 1708672577 0.000000 1 0.000000 0.000000 0.000000
4 1708672577 0.000000 1 0.000000 0.000000 0.000000
1 1708672578 6.000000 1 6.000000 6.000000 6.000000
2 1708672578 0.000000 1 0.000000 0.000000 0.000000
3 1708672578 0.000000 1 0.000000 0.000000 0.000000
4 1708672578 0.000000 1 0.000000 0.000000 0.000000
1 1708672579 6.000000 1 6.000000 6.000000 6.000000
2 1708672579 0.000000 1 0.000000 0.000000 0.000000
3 1708672579 0.000000 1 0.000000 0.000000 0.000000
4 1708672579 0.000000 1 0.000000 0.000000 0.000000
1 1708672580 6.000000 1 6.000000 6.000000 6.000000
2 1708672580 0.000000 1 0.000000 0.000000 0.000000
3 1708672580 0.000000 1 0.000000 0.000000 0.000000
4 1708672580 0.000000 1 0.000000 0.000000 0.000000
1 1708672581 5.000000 1 5.000000 5.000000 5.000000
2 1708672581 0.000000 1 0.000000 0.000000 0.000000
3 1708672581 1.000000 1 1.000000 1.000000 1.000000
4 1708672581 0.000000 1 0.000000 0.000000 0.000000
1 1708672582 5.000000 1 5.000000 5.000000 5.000000
2 1708672582 0.000000 1 0.000000 0.000000 0.000000
3 1708672582 1.000000 1 1.000000 1.000000 1.000000
4 1708672582 0.000000 1 0.000000 0.000000 0.000000
1 1708672583 5.000000 1 5.000000 5.000000 5.000000
2 1708672583 0.000000 1 0.000000 0.000000 0.000000
3 1708672583 1.000000 1 1.000000 1.000000 1.000000
4 1708672583 0.000000 1 0.000000 0.000000 0.000000
1 1708672584 5.000000 1 5.000000 5.000000 5.000000
2 1708672584 0.000000 1 0.000000 0.000000 0.000000
3 1708672584 1.000000 1 1.000000 1.000000 1.000000
4 1708672584 0.000000 1 0.000000 0.000000 0.000000
1 1708672585 5.000000 1 5.000000 5.000000 5.000000
2 1708672585 0.000000 1 0.000000 0.000000 0.000000
3 1708672585 1.000000 1 1.000000 1.000000 1.000000
4 1708672585 0.000000 1 0.000000 0.000000 0.000000
1 1708672586 4.000000 1 4.000000 4.000000 4.000000
2 1708672586 0.000000 1 0.000000 0.000000 0.000000
3 1708672586 2.000000 1 2.000000 2.000000 2.000000
4 1708672586 0.000000 1 0.000000 0.000000 0.000000
1 1708672587 4.000000 1 4.000000 4.000000 4.000000
2 1708672587 0.000000 1 0.000000 0.000000 0.000000
3 1708672587 2.000000 1 2.000000 2.000000 2.000000
4 1708672587 0.000000 1 0.000000 0.000000 0.000000
1 1708672588 4.000000 1 4.000000 4.000000 4.000000
2 1708672588 0.000000 1 0.000000 0.000000 0.000000
3 1708672588 2.000000 1 2.000000 2.000000 2.000000
4 1708672588 0.000000 1 0.000000 0.000000 0.000000
1 1708672589 4.000000 1 4.000000 4.000000 4.000000
2 1708672589 0.000000 1 0.000000 0.000000 0.000000
3 1708672589 2.000000 1 2.000000 2.000000 2.000000
4 1708672589 0.000000 1 0.000000 0.000000 0.000000
1 1708672590 4.000000 1 4.000000 4.000000 4.000000
2 1708672590 0.000000 1 0.000000 0.000000 0.000000
3 1708672590 2.000000 1 2.000000 2.000000 2.000000
4 1708672590 0.000000 1 0.000000 0.000000 0.000000
1 1708672591 3.000000 1 3.000000 3.000000 3.000000
2 1708672591 0.000000 1 0.000000 0.000000 0.000000
3 1708672591 3.000000 1 3.000000 3.000000 3.000000
4 1708672591 0.000000 1 0.000000 0.000000 0.000000
1 1708672592 3.000000 1 3.000000 3.000000 3.000000
2 1708672592 0.000000 1 0.000000 0.000000 0.000000
3 1708672592 3.000000 1 3.000000 3.000000 3.000000
4 1708672592 0.000000 1 0.000000 0.000000 0.000000
1 1708672593 3.000000 1 3.000000 3.000000 3.000000
2 1708672593 0.000000 1 0.000000 0.000000 0.000000
3 1708672593 3.000000 1 3.000000 3.000000 3.000000
4 1708672593 0.000000 1 0.000000 0.000000 0.000000
1 1708672594 3.000000 1 3.000000 3.000000 3.000000
2 1708672594 0.000000 1 0.000000 0.000000 0.000000
3 1708672594 3.000000 1 3.000000 3.000000 3.000000
4 1708672594 0.000000 1 0.000000 0.000000 0.000000
1 1708672595 3.000000 1 3.000000 3.000000 3.000000
2 1708672595 0.000000 1 0.000000 0.000000 0.000000
3 1708672595 3.000000 1 3.000000 3.000000 3.000000
4 1708672595 0.000000 1 0.000000 0.000000 0.000000
1 1708672596 3.000000 1 3.000000 3.000000 3.000000
2 1708672596 0.000000 1 0.000000 0.000000 0.000000
3 1708672596 3.000000 1 3.000000 3.000000 3.000000
4 1708672596 0.000000 1 0.000000 0.000000 0.000000
1 1708672597 3.000000 1 3.000000 3.000000 3.000000
2 1708672597 0.000000 1 0.000000 0.000000 0.000000
3 1708672597 3.000000 1 3.000000 3.000000 3.000000
4 1708672597 0.000000 1 0.000000 0.000000 0.000000
1 1708672598 3.000000 1 3.000000 3.000000 3.000000
2 1708672598 0.000000 1 0.000000 0.000000 0.000000
3 1708672598 3.000000 1 3.000000 3.000000 3.000000
4 1708672598 0.000000 1 0.000000 0.000000 0.000000
1 1708672599 3.000000 1 3.000000 3.000000 3.000000
2 1708672599 0.000000 1 0.000000 0.000000 0.000000
3 1708672599 3.000000 1 3.000000 3.000000 3.000000
4 1708672599 0.000000 1 0.000000 0.000000 0.000000
1 1708672600 3.000000 1 3.000000 3.000000 3.000000
2 1708672600 0.000000 1 0.000000 0.000000 0.000000
3 1708672600 3.000000 1 3.000000 3.000000 3.000000
4 1708672600 0.000000 1 0.000000 0.000000 0.000000
1 1708672601 3.000000 1 3.000000 3.000000 3.000000
2 1708672601 0.000000 1 0.000000 0.000000 0.000000
3 1708672601 3.000000 1 3.000000 3.000000 3.000000
4 1708672601 0.000000 1 0.000000 0.000000 0.000000
1 1708672602 3.000000 1 3.000000 3.000000 3.000000
2 1708672602 0.000000 1 0.000000 0.000000 0.000000
3 1708672602 3.000000 1 3.000000 3.000000 3.000000
4 1708672602 0.000000 1 0.000000 0.000000 0.000000
1 1708672603 3.000000 1 3.000000 3.000000 3.000000
2 1708672603 0.000000 1 0.000000 0.000000 0.000000
3 1708672603 3.000000 1 3.000000 3.000000 3.000000
4 1708672603 0.000000 1 0.000000 0.000000 0.000000
1 1708672604 3.000000 1 3.000000 3.000000 3.000000
2 1708672604 0.000000 1 0.000000 0.000000 0.000000
3 1708672604 3.000000 1 3.000000 3.000000 3.000000
4 1708672604 0.000000 1 0.000000 0.000000 0.000000
1 1708672605 3.000000 1 3.000000 3.000000 3.000000
2 1708672605 0.000000 1 0.000000 0.000000 0.000000
3 1708672605 3.000000 1 3.000000 3.000000 3.000000
4 1708672605 0.000000 1 0.000000 0.000000 0.000000
1 1708672606 3.000000 1 3.000000 3.000000 3.000000
2 1708672606 0.000000 1 0.000000 0.000000 0.000000
3 1708672606 3.000000 1 3.000000 3.000000 3.000000
4 1708672606 0.000000 1 0.000000 0.000000 0.000000
1 1708672607 3.000000 1 3.000000 3.000000 3.000000
2 1708672607 0.000000 1 0.000000 0.000000 0.000000
3 1708672607 3.000000 1 3.000000 3.000000 3.000000
4 1708672607 0.000000 1 0.000000 0.000000 0.000000
1 1708672609 3.000000 1 3.000000 3.000000 3.000000
2 1708672609 0.000000 1 0.000000 0.000000 0.000000
3 1708672609 3.000000 1 3.000000 3.000000 3.000000
4 1708672609 0.000000 1 0.000000 0.000000 0.000000
1 1708672610 3.000000 1 3.000000 3.000000 3.000000
2 1708672610 0.000000 1 0.000000 0.000000 0.000000
3 1708672610 3.000000 1 3.000000 3.000000 3.000000
4 1708672610 0.000000 1 0.000000 0.000000 0.000000
1 1708672611 3.000000 1 3.000000 3.000000 3.000000
2 1708672611 0.000000 1 0.000000 0.000000 0.000000
3 1708672611 3.000000 1 3.000000 3.000000 3.000000
4 1708672611 0.000000 1 0.000000 0.000000 0.000000
1 1708672612 3.000000 1 3.000000 3.000000 3.000000
2 1708672612 0.000000 1 0.000000 0.000000 0.000000
3 1708672612 3.000000 1 3.000000 3.000000 3.000000
4 1708672612 0.000000 1 0.000000 0.000000 0.000000
1 1708672613 3.000000 1 3.000000 3.000000 3.000000
2 1708672613 0.000000 1 0.000000 0.000000 0.000000
3 1708672613 3.000000 1 3.000000 3.000000 3.000000
4 1708672613 0.000000 1 0.000000 0.000000 0.000000
1 1708672614 3.000000 1 3.000000 3.000000 3.000000
2 1708672614 0.000000 1 0.000000 0.000000 0.000000
3 1708672614 3.000000 1 3.000000 3.000000 3.000000
4 1708672614 0.000000 1 0.000000 0.000000 0.000000
1 1708672615 3.000000 1 3.000000 3.000000 3.000000
2 1708672615 0.000000 1 0.000000 0.000000 0.000000
3 1708672615 3.000000 1 3.000000 3.000000 3.000000
4 1708672615 0.000000 1 0.000000 0.000000 0.000000
1 1708672616 3.000000 1 3.000000 3.000000 3.000000
2 1708672616 0.000000 1 0.000000 0.000000 0.000000
3 1708672616 3.000000 1 3.000000 3.000000 3.000000
4 1708672616 0.000000 1 0.000000 0.000000 0.000000
1 1708672617 3.000000 1 3.000000 3.000000 3.000000
2 1708672617 0.000000 1 0.000000 0.000000 0.000000
3 1708672617 3.000000 1 3.000000 3.000000 3.000000
4 1708672617 0.000000 1 0.000000 0.000000 0.000000
1 1708672618 3.000000 1 3.000000 3.000000 3.000000
2 1708672618 0.000000 1 0.000000 0.000000 0.000000
3 1708672618 3.000000 1 3.000000 3.000000 3.000000
4 1708672618 0.000000 1 0.000000 0.000000 0.000000
1 1708672619 3.000000 1 3.000000 3.000000 3.000000
2 1708672619 0.000000 1 0.000000 0.000000 0.000000
3 1708672619 3.000000 1 3.000000 3.000000 3.000000
4 1708672619 0.000000 1 0.000000 0.000000 0.000000
1 1708672620 3.000000 1 3.000000 3.000000 3.000000
2 1708672620 0.000000 1 0.000000 0.000000 0.000000
3 1708672620 3.000000 1 3.000000 3.000000 3.000000
4 1708672620 0.000000 1 0.000000 0.000000 0.000000
1 1708672621 3.000000 1 3.000000 3.000000 3.000000
2 1708672621 0.000000 1 0.000000 0.000000 0.000000
3 1708672621 3.000000 1 3.000000 3.000000 3.000000
4 1708672621 0.000000 1 0.000000 0.000000 0.000000
1 1708672622 3.000000 1 3.000000 3.000000 3.000000
2 1708672622 0.000000 1 0.000000 0.000000 0.000000
3 1708672622 3.000000 1 3.000000 3.000000 3.000000
4 1708672622 0.000000 1 0.000000 0.000000 0.000000
1 1708672623 3.000000 1 3.000000 3.000000 3.000000
2 1708672623 0.000000 1 0.000000 0.000000 0.000000
3 1708672623 3.000000 1 3.000000 3.000000 3.000000
4 1708672623 0.000000 1 0.000000 0.000000 0.000000
1 1708672624 3.000000 1 3.000000 3.000000 3.000000
2 1708672624 0.000000 1 0.000000 0.000000 0.000000
3 1708672624 3.000000 1 3.000000 3.000000 3.000000
4 1708672624 0.000000 1 0.000000 0.000000 0.000000
1 1708672625 3.000000 1 3.000000 3.000000 3.000000
2 1708672625 0.000000 1 0.000000 0.000000 0.000000
3 1708672625 3.000000 1 3.000000 3.000000 3.000000
4 1708672625 0.000000 1 0.000000 0.000000 0.000000
1 1708672626 3.000000 1 3.000000 3.000000 3.000000
2 1708672626 0.000000 1 0.000000 0.000000 0.000000
3 1708672626 3.000000 1 3.000000 3.000000 3.000000
4 1708672626 0.000000 1 0.000000 0.000000 0.000000
1 1708672627 3.000000 1 3.000000 3.000000 3.000000
2 1708672627 0.000000 1 0.000000 0.000000 0.000000
3 1708672627 3.000000 1 3.000000 3.000000 3.000000
4 1708672627 0.000000 1 0.000000 0.000000 0.000000
1 1708672628 3.000000 1 3.000000 3.000000 3.000000
2 1708672628 0.000000 1 0.000000 0.000000 0.000000
3 1708672628 3.000000 1 3.000000 3.000000 3.000000
4 1708672628 0.000000 1 0.000000 0.000000 0.000000
1 1708672629 3.000000 1 3.000000 3.000000 3.000000
2 1708672629 0.000000 1 0.000000 0.000000 0.000000
3 1708672629 3.000000 1 3.000000 3.000000 3.000000
4 1708672629 0.000000 1 0.000000 0.000000 0.000000
1 1708672630 3.000000 1 3.000000 3.000000 3.000000
2 1708672630 0.000000 1 0.000000 0.000000 0.000000
3 1708672630 3.000000 1 3.000000 3.000000 3.000000
4 1708672630 0.000000 1 0.000000 0.000000 0.000000
1 1708672631 3.000000 1 3.000000 3.000000 3.000000
2 1708672631 0.000000 1 0.000000 0.000000 0.000000
3 1708672631 3.000000 1 3.000000 3.000000 3.000000
4 1708672631 0.000000 1 0.000000 0.000000 0.000000
1 1708672632 3.000000 1 3.000000 3.000000 3.000000
2 1708672632 0.000000 1 0.000000 0.000000 0.000000
3 1708672632 3.000000 1 3.000000 3.000000 3.000000
4 1708672632 0.000000 1 0.000000 0.000000 0.000000
1 1708672633 3.000000 1 3.000000 3.000000 3.000000
2 1708672633 0.000000 1 0.000000 0.000000 0.000000
3 1708672633 3.000000 1 3.000000 3.000000 3.000000
4 1708672633 0.000000 1 0.000000 0.000000 0.000000
1 1708672634 3.000000 1 3.000000 3.000000 3.000000
2 1708672634 0.000000 1 0.000000 0.000000 0.000000
3 1708672634 3.000000 1 3.000000 3.000000 3.000000
4 1708672634 0.000000 1 0.000000 0.000000 0.000000
1 1708672635 3.000000 1 3.000000 3.000000 3.000000
2 1708672635 0.000000 1 0.000000 0.000000 0.000000
3 1708672635 3.000000 1 3.000000 3.000000 3.000000
4 1708672635 0.000000 1 0.000000 0.000000 0.000000
1 1708672636 3.000000 1 3.000000 3.000000 3.000000
2 1708672636 0.000000 1 0.000000 0.000000 0.000000
3 1708672636 3.000000 1 3.000000 3.000000 3.000000
4 1708672636 0.000000 1 0.000000 0.000000 0.000000
1 1708672637 3.000000 1 3.000000 3.000000 3.000000
2 1708672637 0.000000 1 0.000000 0.000000 0.000000
3 1708672637 3.000000 1 3.000000 3.000000 3.000000
4 1708672637 0.000000 1 0.000000 0.000000 0.000000
1 1708672638 3.000000 1 3.000000 3.000000 3.000000
2 1708672638 0.000000 1 0.000000 0.000000 0.000000
3 1708672638 3.000000 1 3.000000 3.000000 3.000000
4 1708672638 0.000000 1 0.000000 0.000000 0.000000
1 1708672639 3.000000 1 3.000000 3.000000 3.000000
2 1708672639 0.000000 1 0.000000 0.000000 0.000000
3 1708672639 3.000000 1 3.000000 3.000000 3.000000
4 1708672639 0.000000 1 0.000000 0.000000 0.000000
1 1708672640 3.000000 1 3.000000 3.000000 3.000000
2 1708672640 0.000000 1 0.000000 0.000000 0.000000
3 1708672640 3.000000 1 3.000000 3.000000 3.000000
4 1708672640 0.000000 1 0.000000 0.000000 0.000000
1 1708672641 3.000000 1 3.000000 3.000000 3.000000
2 1708672641 0.000000 1 0.000000 0.000000 0.000000
3 1708672641 3.000000 1 3.000000 3.000000 3.000000
4 1708672641 0.000000 1 0.000000 0.000000 0.000000
1 1708672642 3.000000 1 3.000000 3.000000 3.000000
2 1708672642 0.000000 1 0.000000 0.000000 0.000000
3 1708672642 3.000000 1 3.000000 3.000000 3.000000
4 1708672642 0.000000 1 0.000000 0.000000 0.000000
1 1708672643 3.000000 1 3.000000 3.000000 3.000000
2 1708672643 0.000000 1 0.000000 0.000000 0.000000
3 1708672643 3.000000 1 3.000000 3.000000 3.000000
4 1708672643 0.000000 1 0.000000 0.000000 0.000000
1 1708672644 3.000000 1 3.000000 3.000000 3.000000
2 1708672644 0.000000 1 0.000000 0.000000 0.000000
3 1708672644 3.000000 1 3.000000 3.000000 3.000000
4 1708672644 0.000000 1 0.000000 0.000000 0.000000
1 1708672645 3.000000 1 3.000000 3.000000 3.000000
2 1708672645 0.000000 1 0.000000 0.000000 0.000000
3 1708672645 3.000000 1 3.000000 3.000000 3.000000
4 1708672645 0.000000 1 0.000000 0.000000 0.000000
1 1708672646 3.000000 1 3.000000 3.000000 3.000000
2 1708672646 0.000000 1 0.000000 0.000000 0.000000
3 1708672646 3.000000 1 3.000000 3.000000 3.000000
4 1708672646 0.000000 1 0.000000 0.000000 0.000000
1 1708672647 3.000000 1 3.000000 3.000000 3.000000
2 1708672647 0.000000 1 0.000000 0.000000 0.000000
3 1708672647 3.000000 1 3.000000 3.000000 3.000000
4 1708672647 0.000000 1 0.000000 0.000000 0.000000
1 1708672648 3.000000 1 3.000000 3.000000 3.000000
2 1708672648 0.000000 1 0.000000 0.000000 0.000000
3 1708672648 3.000000 1 3.000000 3.000000 3.000000
4 1708672648 0.000000 1 0.000000 0.000000 0.000000
1 1708672649 2.000000 1 2.000000 2.000000 2.000000
2 1708672649 0.000000 1 0.000000 0.000000 0.000000
3 1708672649 4.000000 1 4.000000 4.000000 4.000000
4 1708672649 0.000000 1 0.000000 0.000000 0.000000
1 1708672650 1.000000 1 1.000000 1.000000 1.000000
2 1708672650 0.000000 1 0.000000 0.000000 0.000000
3 1708672650 5.000000 1 5.000000 5.000000 5.000000
4 1708672650 0.000000 1 0.000000 0.000000 0.000000
1 1708672651 1.000000 1 1.000000 1.000000 1.000000
2 1708672651 0.000000 1 0.000000 0.000000 0.000000
3 1708672651 5.000000 1 5.000000 5.000000 5.000000
4 1708672651 0.000000 1 0.000000 0.000000 0.000000
1 1708672652 1.000000 1 1.000000 1.000000 1.000000
2 1708672652 0.000000 1 0.000000 0.000000 0.000000
3 1708672652 5.000000 1 5.000000 5.000000 5.000000
4 1708672652 0.000000 1 0.000000 0.000000 0.000000
1 1708672653 0.000000 1 0.000000 0.000000 0.000000
2 1708672653 0.000000 1 0.000000 0.000000 0.000000
3 1708672653 6.000000 1 6.000000 6.000000 6.000000
4 1708672653 0.000000 1 0.000000 0.000000 0.000000
