23 1708672504 1.000000 1 1.000000 1.000000 1.000000
25 1708672504 1.000000 1 1.000000 1.000000 1.000000
27 1708672505 1.000000 1 1.000000 1.000000 1.000000
29 1708672505 1.000000 1 1.000000 1.000000 1.000000
27 1708672505 1.000000 1 1.000000 1.000000 1.000000
27 1708672505 1.000000 1 1.000000 1.000000 1.000000
27 1708672505 1.000000 1 1.000000 1.000000 1.000000
27 1708672505 1.000000 1 1.000000 1.000000 1.000000
27 1708672505 1.000000 1 1.000000 1.000000 1.000000
27 1708672506 1.000000 1 1.000000 1.000000 1.000000
27 1708672506 1.000000 1 1.000000 1.000000 1.000000
27 1708672506 1.000000 1 1.000000 1.000000 1.000000
27 1708672506 1.000000 1 1.000000 1.000000 1.000000
27 1708672506 1.000000 1 1.000000 1.000000 1.000000
27 1708672506 1.000000 1 1.000000 1.000000 1.000000
27 1708672506 1.000000 1 1.000000 1.000000 1.000000
27 1708672506 1.000000 1 1.000000 1.000000 1.000000
27 1708672507 1.000000 1 1.000000 1.000000 1.000000
27 1708672507 1.000000 1 1.000000 1.000000 1.000000
27 1708672507 1.000000 1 1.000000 1.000000 1.000000
27 1708672507 1.000000 1 1.000000 1.000000 1.000000
27 1708672507 1.000000 1 1.000000 1.000000 1.000000
27 1708672507 1.000000 1 1.000000 1.000000 1.000000
27 1708672507 1.000000 1 1.000000 1.000000 1.000000
27 1708672507 1.000000 1 1.000000 1.000000 1.000000
27 1708672507 1.000000 1 1.000000 1.000000 1.000000
27 1708672508 1.000000 1 1.000000 1.000000 1.000000
27 1708672508 1.000000 1 1.000000 1.000000 1.000000
27 1708672508 1.000000 1 1.000000 1.000000 1.000000
27 1708672508 1.000000 1 1.000000 1.000000 1.000000
27 1708672508 1.000000 1 1.000000 1.000000 1.000000
27 1708672508 1.000000 1 1.000000 1.000000 1.000000
27 1708672508 1.000000 1 1.000000 1.000000 1.000000
27 1708672508 1.000000 1 1.000000 1.000000 1.000000
27 1708672509 1.000000 1 1.000000 1.000000 1.000000
27 1708672509 1.000000 1 1.000000 1.000000 1.000000
27 1708672509 1.000000 1 1.000000 1.000000 1.000000
27 1708672509 1.000000 1 1.000000 1.000000 1.000000
27 1708672509 1.000000 1 1.000000 1.000000 1.000000
27 1708672509 1.000000 1 1.000000 1.000000 1.000000
27 1708672509 1.000000 1 1.000000 1.000000 1.000000
27 1708672509 1.000000 1 1.000000 1.000000 1.000000
27 1708672510 1.000000 1 1.000000 1.000000 1.000000
27 1708672510 1.000000 1 1.000000 1.000000 1.000000
27 1708672510 1.000000 1 1.000000 1.000000 1.000000
27 1708672510 1.000000 1 1.000000 1.000000 1.000000
27 1708672510 1.000000 1 1.000000 1.000000 1.000000
27 1708672510 1.000000 1 1.000000 1.000000 1.000000
27 1708672510 1.000000 1 1.000000 1.000000 1.000000
27 1708672510 1.000000 1 1.000000 1.000000 1.000000
27 1708672511 1.000000 1 1.000000 1.000000 1.000000
27 1708672511 1.000000 1 1.000000 1.000000 1.000000
27 1708672511 1.000000 1 1.000000 1.000000 1.000000
27 1708672511 1.000000 1 1.000000 1.000000 1.000000
27 1708672511 1.000000 1 1.000000 1.000000 1.000000
27 1708672511 1.000000 1 1.000000 1.000000 1.000000
27 1708672511 1.000000 1 1.000000 1.000000 1.000000
27 1708672511 1.000000 1 1.000000 1.000000 1.000000
27 1708672512 1.000000 1 1.000000 1.000000 1.000000
27 1708672512 1.000000 1 1.000000 1.000000 1.000000
27 1708672512 1.000000 1 1.000000 1.000000 1.000000
27 1708672512 1.000000 1 1.000000 1.000000 1.000000
27 1708672512 1.000000 1 1.000000 1.000000 1.000000
27 1708672512 1.000000 1 1.000000 1.000000 1.000000
27 1708672513 1.000000 1 1.000000 1.000000 1.000000
27 1708672513 1.000000 1 1.000000 1.000000 1.000000
27 1708672513 1.000000 1 1.000000 1.000000 1.000000
27 1708672513 1.000000 1 1.000000 1.000000 1.000000
27 1708672513 1.000000 1 1.000000 1.000000 1.000000
27 1708672513 1.000000 1 1.000000 1.000000 1.000000
27 1708672513 1.000000 1 1.000000 1.000000 1.000000
27 1708672513 1.000000 1 1.000000 1.000000 1.000000
27 1708672513 1.000000 1 1.000000 1.000000 1.000000
27 1708672514 1.000000 1 1.000000 1.000000 1.000000
27 1708672514 1.000000 1 1.000000 1.000000 1.000000
27 1708672514 1.000000 1 1.000000 1.000000 1.000000
27 1708672514 1.000000 1 1.000000 1.000000 1.000000
27 1708672514 1.000000 1 1.000000 1.000000 1.000000
27 1708672514 1.000000 1 1.000000 1.000000 1.000000
27 1708672514 1.000000 1 1.000000 1.000000 1.000000
27 1708672514 1.000000 1 1.000000 1.000000 1.000000
27 1708672515 1.000000 1 1.000000 1.000000 1.000000
27 1708672515 1.000000 1 1.000000 1.000000 1.000000
27 1708672515 1.000000 1 1.000000 1.000000 1.000000
27 1708672515 1.000000 1 1.000000 1.000000 1.000000
27 1708672515 1.000000 1 1.000000 1.000000 1.000000
27 1708672515 1.000000 1 1.000000 1.000000 1.000000
27 1708672515 1.000000 1 1.000000 1.000000 1.000000
27 1708672515 1.000000 1 1.000000 1.000000 1.000000
27 1708672516 1.000000 1 1.000000 1.000000 1.000000
27 1708672516 1.000000 1 1.000000 1.000000 1.000000
27 1708672516 1.000000 1 1.000000 1.000000 1.000000
27 1708672516 1.000000 1 1.000000 1.000000 1.000000
27 1708672516 1.000000 1 1.000000 1.000000 1.000000
27 1708672516 1.000000 1 1.000000 1.000000 1.000000
27 1708672516 1.000000 1 1.000000 1.000000 1.000000
27 1708672516 1.000000 1 1.000000 1.000000 1.000000
27 1708672517 1.000000 1 1.000000 1.000000 1.000000
27 1708672517 1.000000 1 1.000000 1.000000 1.000000
27 1708672517 1.000000 1 1.000000 1.000000 1.000000
27 1708672517 1.000000 1 1.000000 1.000000 1.000000
27 1708672517 1.000000 1 1.000000 1.000000 1.000000
27 1708672517 1.000000 1 1.000000 1.000000 1.000000
27 1708672517 1.000000 1 1.000000 1.000000 1.000000
27 1708672517 1.000000 1 1.000000 1.000000 1.000000
27 1708672518 1.000000 1 1.000000 1.000000 1.000000
27 1708672518 1.000000 1 1.000000 1.000000 1.000000
27 1708672518 1.000000 1 1.000000 1.000000 1.000000
27 1708672518 1.000000 1 1.000000 1.000000 1.000000
27 1708672518 1.000000 1 1.000000 1.000000 1.000000
27 1708672518 1.000000 1 1.000000 1.000000 1.000000
27 1708672518 1.000000 1 1.000000 1.000000 1.000000
27 1708672518 1.000000 1 1.000000 1.000000 1.000000
27 1708672518 1.000000 1 1.000000 1.000000 1.000000
27 1708672519 1.000000 1 1.000000 1.000000 1.000000
27 1708672519 1.000000 1 1.000000 1.000000 1.000000
27 1708672519 1.000000 1 1.000000 1.000000 1.000000
27 1708672519 1.000000 1 1.000000 1.000000 1.000000
27 1708672519 1.000000 1 1.000000 1.000000 1.000000
27 1708672519 1.000000 1 1.000000 1.000000 1.000000
27 1708672519 1.000000 1 1.000000 1.000000 1.000000
27 1708672519 1.000000 1 1.000000 1.000000 1.000000
27 1708672519 1.000000 1 1.000000 1.000000 1.000000
27 1708672519 1.000000 1 1.000000 1.000000 1.000000
27 1708672520 1.000000 1 1.000000 1.000000 1.000000
27 1708672520 1.000000 1 1.000000 1.000000 1.000000
27 1708672520 1.000000 1 1.000000 1.000000 1.000000
27 1708672520 1.000000 1 1.000000 1.000000 1.000000
27 1708672520 1.000000 1 1.000000 1.000000 1.000000
27 1708672520 1.000000 1 1.000000 1.000000 1.000000
27 1708672520 1.000000 1 1.000000 1.000000 1.000000
27 1708672520 1.000000 1 1.000000 1.000000 1.000000
27 1708672521 1.000000 1 1.000000 1.000000 1.000000
27 1708672521 1.000000 1 1.000000 1.000000 1.000000
27 1708672521 1.000000 1 1.000000 1.000000 1.000000
27 1708672521 1.000000 1 1.000000 1.000000 1.000000
27 1708672521 1.000000 1 1.000000 1.000000 1.000000
27 1708672521 1.000000 1 1.000000 1.000000 1.000000
27 1708672521 1.000000 1 1.000000 1.000000 1.000000
27 1708672522 1.000000 1 1.000000 1.000000 1.000000
27 1708672522 1.000000 1 1.000000 1.000000 1.000000
27 1708672522 1.000000 1 1.000000 1.000000 1.000000
27 1708672522 1.000000 1 1.000000 1.000000 1.000000
27 1708672522 1.000000 1 1.000000 1.000000 1.000000
27 1708672522 1.000000 1 1.000000 1.000000 1.000000
27 1708672522 1.000000 1 1.000000 1.000000 1.000000
27 1708672522 1.000000 1 1.000000 1.000000 1.000000
27 1708672523 1.000000 1 1.000000 1.000000 1.000000
27 1708672523 1.000000 1 1.000000 1.000000 1.000000
27 1708672523 1.000000 1 1.000000 1.000000 1.000000
27 1708672523 1.000000 1 1.000000 1.000000 1.000000
27 1708672523 1.000000 1 1.000000 1.000000 1.000000
27 1708672523 1.000000 1 1.000000 1.000000 1.000000
27 1708672523 1.000000 1 1.000000 1.000000 1.000000
27 1708672523 1.000000 1 1.000000 1.000000 1.000000
27 1708672524 1.000000 1 1.000000 1.000000 1.000000
27 1708672524 1.000000 1 1.000000 1.000000 1.000000
27 1708672524 1.000000 1 1.000000 1.000000 1.000000
27 1708672524 1.000000 1 1.000000 1.000000 1.000000
27 1708672524 1.000000 1 1.000000 1.000000 1.000000
27 1708672524 1.000000 1 1.000000 1.000000 1.000000
27 1708672525 1.000000 1 1.000000 1.000000 1.000000
27 1708672525 1.000000 1 1.000000 1.000000 1.000000
27 1708672525 1.000000 1 1.000000 1.000000 1.000000
27 1708672525 1.000000 1 1.000000 1.000000 1.000000
27 1708672525 1.000000 1 1.000000 1.000000 1.000000
27 1708672525 1.000000 1 1.000000 1.000000 1.000000
27 1708672525 1.000000 1 1.000000 1.000000 1.000000
27 1708672525 1.000000 1 1.000000 1.000000 1.000000
27 1708672526 1.000000 1 1.000000 1.000000 1.000000
27 1708672526 1.000000 1 1.000000 1.000000 1.000000
27 1708672526 1.000000 1 1.000000 1.000000 1.000000
27 1708672526 1.000000 1 1.000000 1.000000 1.000000
27 1708672526 1.000000 1 1.000000 1.000000 1.000000
27 1708672526 1.000000 1 1.000000 1.000000 1.000000
27 1708672526 1.000000 1 1.000000 1.000000 1.000000
27 1708672526 1.000000 1 1.000000 1.000000 1.000000
27 1708672527 1.000000 1 1.000000 1.000000 1.000000
27 1708672527 1.000000 1 1.000000 1.000000 1.000000
27 1708672527 1.000000 1 1.000000 1.000000 1.000000
27 1708672527 1.000000 1 1.000000 1.000000 1.000000
27 1708672527 1.000000 1 1.000000 1.000000 1.000000
27 1708672527 1.000000 1 1.000000 1.000000 1.000000
27 1708672527 1.000000 1 1.000000 1.000000 1.000000
27 1708672527 1.000000 1 1.000000 1.000000 1.000000
27 1708672527 1.000000 1 1.000000 1.000000 1.000000
27 1708672527 1.000000 1 1.000000 1.000000 1.000000
27 1708672528 1.000000 1 1.000000 1.000000 1.000000
27 1708672528 1.000000 1 1.000000 1.000000 1.000000
27 1708672528 1.000000 1 1.000000 1.000000 1.000000
27 1708672528 1.000000 1 1.000000 1.000000 1.000000
27 1708672528 1.000000 1 1.000000 1.000000 1.000000
27 1708672528 1.000000 1 1.000000 1.000000 1.000000
27 1708672528 1.000000 1 1.000000 1.000000 1.000000
27 1708672528 1.000000 1 1.000000 1.000000 1.000000
27 1708672529 1.000000 1 1.000000 1.000000 1.000000
27 1708672529 1.000000 1 1.000000 1.000000 1.000000
27 1708672529 1.000000 1 1.000000 1.000000 1.000000
27 1708672529 1.000000 1 1.000000 1.000000 1.000000
27 1708672529 1.000000 1 1.000000 1.000000 1.000000
27 1708672530 1.000000 1 1.000000 1.000000 1.000000
27 1708672530 1.000000 1 1.000000 1.000000 1.000000
27 1708672530 1.000000 1 1.000000 1.000000 1.000000
27 1708672530 1.000000 1 1.000000 1.000000 1.000000
27 1708672530 1.000000 1 1.000000 1.000000 1.000000
27 1708672530 1.000000 1 1.000000 1.000000 1.000000
27 1708672531 1.000000 1 1.000000 1.000000 1.000000
27 1708672531 1.000000 1 1.000000 1.000000 1.000000
27 1708672531 1.000000 1 1.000000 1.000000 1.000000
27 1708672531 1.000000 1 1.000000 1.000000 1.000000
27 1708672531 1.000000 1 1.000000 1.000000 1.000000
27 1708672531 1.000000 1 1.000000 1.000000 1.000000
27 1708672532 1.000000 1 1.000000 1.000000 1.000000
27 1708672532 1.000000 1 1.000000 1.000000 1.000000
27 1708672532 1.000000 1 1.000000 1.000000 1.000000
27 1708672532 1.000000 1 1.000000 1.000000 1.000000
27 1708672532 1.000000 1 1.000000 1.000000 1.000000
27 1708672532 1.000000 1 1.000000 1.000000 1.000000
27 1708672533 1.000000 1 1.000000 1.000000 1.000000
27 1708672533 1.000000 1 1.000000 1.000000 1.000000
27 1708672533 1.000000 1 1.000000 1.000000 1.000000
27 1708672533 1.000000 1 1.000000 1.000000 1.000000
27 1708672533 1.000000 1 1.000000 1.000000 1.000000
27 1708672533 1.000000 1 1.000000 1.000000 1.000000
27 1708672534 1.000000 1 1.000000 1.000000 1.000000
27 1708672534 1.000000 1 1.000000 1.000000 1.000000
27 1708672534 1.000000 1 1.000000 1.000000 1.000000
27 1708672534 1.000000 1 1.000000 1.000000 1.000000
27 1708672534 1.000000 1 1.000000 1.000000 1.000000
27 1708672534 1.000000 1 1.000000 1.000000 1.000000
27 1708672535 1.000000 1 1.000000 1.000000 1.000000
27 1708672535 1.000000 1 1.000000 1.000000 1.000000
27 1708672535 1.000000 1 1.000000 1.000000 1.000000
27 1708672535 1.000000 1 1.000000 1.000000 1.000000
27 1708672535 1.000000 1 1.000000 1.000000 1.000000
27 1708672535 1.000000 1 1.000000 1.000000 1.000000
27 1708672536 1.000000 1 1.000000 1.000000 1.000000
27 1708672536 1.000000 1 1.000000 1.000000 1.000000
27 1708672536 1.000000 1 1.000000 1.000000 1.000000
27 1708672536 1.000000 1 1.000000 1.000000 1.000000
27 1708672536 1.000000 1 1.000000 1.000000 1.000000
27 1708672536 1.000000 1 1.000000 1.000000 1.000000
27 1708672536 1.000000 1 1.000000 1.000000 1.000000
27 1708672537 1.000000 1 1.000000 1.000000 1.000000
27 1708672537 1.000000 1 1.000000 1.000000 1.000000
27 1708672537 1.000000 1 1.000000 1.000000 1.000000
27 1708672537 1.000000 1 1.000000 1.000000 1.000000
27 1708672537 1.000000 1 1.000000 1.000000 1.000000
27 1708672537 1.000000 1 1.000000 1.000000 1.000000
27 1708672537 1.000000 1 1.000000 1.000000 1.000000
27 1708672537 1.000000 1 1.000000 1.000000 1.000000
27 1708672538 1.000000 1 1.000000 1.000000 1.000000
27 1708672538 1.000000 1 1.000000 1.000000 1.000000
27 1708672538 1.000000 1 1.000000 1.000000 1.000000
27 1708672538 1.000000 1 1.000000 1.000000 1.000000
27 1708672538 1.000000 1 1.000000 1.000000 1.000000
27 1708672538 1.000000 1 1.000000 1.000000 1.000000
27 1708672539 1.000000 1 1.000000 1.000000 1.000000
27 1708672539 1.000000 1 1.000000 1.000000 1.000000
27 1708672539 1.000000 1 1.000000 1.000000 1.000000
27 1708672539 1.000000 1 1.000000 1.000000 1.000000
27 1708672539 1.000000 1 1.000000 1.000000 1.000000
27 1708672539 1.000000 1 1.000000 1.000000 1.000000
27 1708672540 1.000000 1 1.000000 1.000000 1.000000
27 1708672540 1.000000 1 1.000000 1.000000 1.000000
27 1708672540 1.000000 1 1.000000 1.000000 1.000000
27 1708672540 1.000000 1 1.000000 1.000000 1.000000
27 1708672540 1.000000 1 1.000000 1.000000 1.000000
27 1708672540 1.000000 1 1.000000 1.000000 1.000000
27 1708672541 1.000000 1 1.000000 1.000000 1.000000
27 1708672541 1.000000 1 1.000000 1.000000 1.000000
27 1708672541 1.000000 1 1.000000 1.000000 1.000000
27 1708672541 1.000000 1 1.000000 1.000000 1.000000
27 1708672541 1.000000 1 1.000000 1.000000 1.000000
27 1708672541 1.000000 1 1.000000 1.000000 1.000000
27 1708672542 1.000000 1 1.000000 1.000000 1.000000
27 1708672542 1.000000 1 1.000000 1.000000 1.000000
27 1708672542 1.000000 1 1.000000 1.000000 1.000000
27 1708672542 1.000000 1 1.000000 1.000000 1.000000
27 1708672542 1.000000 1 1.000000 1.000000 1.000000
27 1708672542 1.000000 1 1.000000 1.000000 1.000000
27 1708672542 1.000000 1 1.000000 1.000000 1.000000
27 1708672543 1.000000 1 1.000000 1.000000 1.000000
27 1708672543 1.000000 1 1.000000 1.000000 1.000000
27 1708672543 1.000000 1 1.000000 1.000000 1.000000
27 1708672543 1.000000 1 1.000000 1.000000 1.000000
27 1708672543 1.000000 1 1.000000 1.000000 1.000000
27 1708672543 1.000000 1 1.000000 1.000000 1.000000
27 1708672543 1.000000 1 1.000000 1.000000 1.000000
27 1708672543 1.000000 1 1.000000 1.000000 1.000000
27 1708672544 1.000000 1 1.000000 1.000000 1.000000
27 1708672544 1.000000 1 1.000000 1.000000 1.000000
27 1708672544 1.000000 1 1.000000 1.000000 1.000000
27 1708672544 1.000000 1 1.000000 1.000000 1.000000
27 1708672544 1.000000 1 1.000000 1.000000 1.000000
27 1708672544 1.000000 1 1.000000 1.000000 1.000000
27 1708672545 1.000000 1 1.000000 1.000000 1.000000
27 1708672545 1.000000 1 1.000000 1.000000 1.000000
27 1708672545 1.000000 1 1.000000 1.000000 1.000000
27 1708672545 1.000000 1 1.000000 1.000000 1.000000
27 1708672545 1.000000 1 1.000000 1.000000 1.000000
27 1708672545 1.000000 1 1.000000 1.000000 1.000000
27 1708672546 1.000000 1 1.000000 1.000000 1.000000
27 1708672546 1.000000 1 1.000000 1.000000 1.000000
27 1708672546 1.000000 1 1.000000 1.000000 1.000000
27 1708672546 1.000000 1 1.000000 1.000000 1.000000
27 1708672546 1.000000 1 1.000000 1.000000 1.000000
27 1708672546 1.000000 1 1.000000 1.000000 1.000000
27 1708672547 1.000000 1 1.000000 1.000000 1.000000
27 1708672547 1.000000 1 1.000000 1.000000 1.000000
27 1708672547 1.000000 1 1.000000 1.000000 1.000000
27 1708672547 1.000000 1 1.000000 1.000000 1.000000
27 1708672547 1.000000 1 1.000000 1.000000 1.000000
27 1708672547 1.000000 1 1.000000 1.000000 1.000000
27 1708672548 1.000000 1 1.000000 1.000000 1.000000
27 1708672548 1.000000 1 1.000000 1.000000 1.000000
27 1708672548 1.000000 1 1.000000 1.000000 1.000000
27 1708672548 1.000000 1 1.000000 1.000000 1.000000
27 1708672548 1.000000 1 1.000000 1.000000 1.000000
27 1708672548 1.000000 1 1.000000 1.000000 1.000000
27 1708672549 1.000000 1 1.000000 1.000000 1.000000
27 1708672549 1.000000 1 1.000000 1.000000 1.000000
27 1708672549 1.000000 1 1.000000 1.000000 1.000000
27 1708672549 1.000000 1 1.000000 1.000000 1.000000
27 1708672549 1.000000 1 1.000000 1.000000 1.000000
27 1708672549 1.000000 1 1.000000 1.000000 1.000000
27 1708672550 1.000000 1 1.000000 1.000000 1.000000
27 1708672550 1.000000 1 1.000000 1.000000 1.000000
27 1708672550 1.000000 1 1.000000 1.000000 1.000000
27 1708672550 1.000000 1 1.000000 1.000000 1.000000
27 1708672550 1.000000 1 1.000000 1.000000 1.000000
27 1708672550 1.000000 1 1.000000 1.000000 1.000000
27 1708672550 1.000000 1 1.000000 1.000000 1.000000
27 1708672551 1.000000 1 1.000000 1.000000 1.000000
27 1708672551 1.000000 1 1.000000 1.000000 1.000000
27 1708672551 1.000000 1 1.000000 1.000000 1.000000
27 1708672551 1.000000 1 1.000000 1.000000 1.000000
27 1708672551 1.000000 1 1.000000 1.000000 1.000000
27 1708672552 1.000000 1 1.000000 1.000000 1.000000
27 1708672552 1.000000 1 1.000000 1.000000 1.000000
27 1708672552 1.000000 1 1.000000 1.000000 1.000000
27 1708672552 1.000000 1 1.000000 1.000000 1.000000
27 1708672552 1.000000 1 1.000000 1.000000 1.000000
27 1708672552 1.000000 1 1.000000 1.000000 1.000000
27 1708672552 1.000000 1 1.000000 1.000000 1.000000
27 1708672553 1.000000 1 1.000000 1.000000 1.000000
27 1708672553 1.000000 1 1.000000 1.000000 1.000000
27 1708672553 1.000000 1 1.000000 1.000000 1.000000
27 1708672553 1.000000 1 1.000000 1.000000 1.000000
27 1708672553 1.000000 1 1.000000 1.000000 1.000000
27 1708672553 1.000000 1 1.000000 1.000000 1.000000
27 1708672554 1.000000 1 1.000000 1.000000 1.000000
27 1708672554 1.000000 1 1.000000 1.000000 1.000000
27 1708672554 1.000000 1 1.000000 1.000000 1.000000
27 1708672554 1.000000 1 1.000000 1.000000 1.000000
27 1708672554 1.000000 1 1.000000 1.000000 1.000000
27 1708672554 1.000000 1 1.000000 1.000000 1.000000
27 1708672554 1.000000 1 1.000000 1.000000 1.000000
27 1708672555 1.000000 1 1.000000 1.000000 1.000000
27 1708672555 1.000000 1 1.000000 1.000000 1.000000
27 1708672555 1.000000 1 1.000000 1.000000 1.000000
27 1708672555 1.000000 1 1.000000 1.000000 1.000000
27 1708672555 1.000000 1 1.000000 1.000000 1.000000
27 1708672555 1.000000 1 1.000000 1.000000 1.000000
27 1708672555 1.000000 1 1.000000 1.000000 1.000000
27 1708672556 1.000000 1 1.000000 1.000000 1.000000
27 1708672556 1.000000 1 1.000000 1.000000 1.000000
27 1708672556 1.000000 1 1.000000 1.000000 1.000000
27 1708672556 1.000000 1 1.000000 1.000000 1.000000
27 1708672556 1.000000 1 1.000000 1.000000 1.000000
27 1708672556 1.000000 1 1.000000 1.000000 1.000000
27 1708672557 1.000000 1 1.000000 1.000000 1.000000
27 1708672557 1.000000 1 1.000000 1.000000 1.000000
27 1708672557 1.000000 1 1.000000 1.000000 1.000000
27 1708672557 1.000000 1 1.000000 1.000000 1.000000
27 1708672557 1.000000 1 1.000000 1.000000 1.000000
27 1708672557 1.000000 1 1.000000 1.000000 1.000000
27 1708672558 1.000000 1 1.000000 1.000000 1.000000
27 1708672558 1.000000 1 1.000000 1.000000 1.000000
27 1708672558 1.000000 1 1.000000 1.000000 1.000000
27 1708672558 1.000000 1 1.000000 1.000000 1.000000
27 1708672558 1.000000 1 1.000000 1.000000 1.000000
27 1708672558 1.000000 1 1.000000 1.000000 1.000000
27 1708672559 1.000000 1 1.000000 1.000000 1.000000
27 1708672559 1.000000 1 1.000000 1.000000 1.000000
27 1708672559 1.000000 1 1.000000 1.000000 1.000000
27 1708672559 1.000000 1 1.000000 1.000000 1.000000
27 1708672559 1.000000 1 1.000000 1.000000 1.000000
27 1708672559 1.000000 1 1.000000 1.000000 1.000000
27 1708672560 1.000000 1 1.000000 1.000000 1.000000
27 1708672560 1.000000 1 1.000000 1.000000 1.000000
27 1708672560 1.000000 1 1.000000 1.000000 1.000000
27 1708672560 1.000000 1 1.000000 1.000000 1.000000
27 1708672560 1.000000 1 1.000000 1.000000 1.000000
27 1708672560 1.000000 1 1.000000 1.000000 1.000000
27 1708672561 1.000000 1 1.000000 1.000000 1.000000
27 1708672561 1.000000 1 1.000000 1.000000 1.000000
27 1708672561 1.000000 1 1.000000 1.000000 1.000000
27 1708672561 1.000000 1 1.000000 1.000000 1.000000
27 1708672561 1.000000 1 1.000000 1.000000 1.000000
27 1708672561 1.000000 1 1.000000 1.000000 1.000000
27 1708672562 1.000000 1 1.000000 1.000000 1.000000
27 1708672562 1.000000 1 1.000000 1.000000 1.000000
27 1708672562 1.000000 1 1.000000 1.000000 1.000000
27 1708672562 1.000000 1 1.000000 1.000000 1.000000
27 1708672562 1.000000 1 1.000000 1.000000 1.000000
27 1708672562 1.000000 1 1.000000 1.000000 1.000000
27 1708672562 1.000000 1 1.000000 1.000000 1.000000
27 1708672563 1.000000 1 1.000000 1.000000 1.000000
27 1708672563 1.000000 1 1.000000 1.000000 1.000000
27 1708672563 1.000000 1 1.000000 1.000000 1.000000
27 1708672563 1.000000 1 1.000000 1.000000 1.000000
27 1708672563 1.000000 1 1.000000 1.000000 1.000000
27 1708672563 1.000000 1 1.000000 1.000000 1.000000
27 1708672564 1.000000 1 1.000000 1.000000 1.000000
27 1708672564 1.000000 1 1.000000 1.000000 1.000000
27 1708672564 1.000000 1 1.000000 1.000000 1.000000
27 1708672564 1.000000 1 1.000000 1.000000 1.000000
27 1708672564 1.000000 1 1.000000 1.000000 1.000000
27 1708672564 1.000000 1 1.000000 1.000000 1.000000
27 1708672564 1.000000 1 1.000000 1.000000 1.000000
27 1708672565 1.000000 1 1.000000 1.000000 1.000000
27 1708672565 1.000000 1 1.000000 1.000000 1.000000
27 1708672565 1.000000 1 1.000000 1.000000 1.000000
27 1708672565 1.000000 1 1.000000 1.000000 1.000000
27 1708672565 1.000000 1 1.000000 1.000000 1.000000
27 1708672565 1.000000 1 1.000000 1.000000 1.000000
27 1708672566 1.000000 1 1.000000 1.000000 1.000000
27 1708672566 1.000000 1 1.000000 1.000000 1.000000
27 1708672566 1.000000 1 1.000000 1.000000 1.000000
27 1708672566 1.000000 1 1.000000 1.000000 1.000000
27 1708672566 1.000000 1 1.000000 1.000000 1.000000
27 1708672566 1.000000 1 1.000000 1.000000 1.000000
27 1708672567 1.000000 1 1.000000 1.000000 1.000000
27 1708672567 1.000000 1 1.000000 1.000000 1.000000
27 1708672567 1.000000 1 1.000000 1.000000 1.000000
27 1708672567 1.000000 1 1.000000 1.000000 1.000000
27 1708672567 1.000000 1 1.000000 1.000000 1.000000
27 1708672567 1.000000 1 1.000000 1.000000 1.000000
27 1708672568 1.000000 1 1.000000 1.000000 1.000000
27 1708672568 1.000000 1 1.000000 1.000000 1.000000
27 1708672568 1.000000 1 1.000000 1.000000 1.000000
27 1708672568 1.000000 1 1.000000 1.000000 1.000000
27 1708672568 1.000000 1 1.000000 1.000000 1.000000
27 1708672568 1.000000 1 1.000000 1.000000 1.000000
27 1708672569 1.000000 1 1.000000 1.000000 1.000000
27 1708672569 1.000000 1 1.000000 1.000000 1.000000
27 1708672569 1.000000 1 1.000000 1.000000 1.000000
27 1708672569 1.000000 1 1.000000 1.000000 1.000000
27 1708672569 1.000000 1 1.000000 1.000000 1.000000
27 1708672569 1.000000 1 1.000000 1.000000 1.000000
27 1708672570 1.000000 1 1.000000 1.000000 1.000000
27 1708672570 1.000000 1 1.000000 1.000000 1.000000
27 1708672570 1.000000 1 1.000000 1.000000 1.000000
27 1708672570 1.000000 1 1.000000 1.000000 1.000000
27 1708672570 1.000000 1 1.000000 1.000000 1.000000
27 1708672570 1.000000 1 1.000000 1.000000 1.000000
27 1708672571 1.000000 1 1.000000 1.000000 1.000000
27 1708672571 1.000000 1 1.000000 1.000000 1.000000
27 1708672571 1.000000 1 1.000000 1.000000 1.000000
27 1708672571 1.000000 1 1.000000 1.000000 1.000000
27 1708672571 1.000000 1 1.000000 1.000000 1.000000
27 1708672571 1.000000 1 1.000000 1.000000 1.000000
27 1708672572 1.000000 1 1.000000 1.000000 1.000000
27 1708672572 1.000000 1 1.000000 1.000000 1.000000
27 1708672572 1.000000 1 1.000000 1.000000 1.000000
27 1708672572 1.000000 1 1.000000 1.000000 1.000000
27 1708672572 1.000000 1 1.000000 1.000000 1.000000
27 1708672572 1.000000 1 1.000000 1.000000 1.000000
27 1708672572 1.000000 1 1.000000 1.000000 1.000000
27 1708672573 1.000000 1 1.000000 1.000000 1.000000
27 1708672573 1.000000 1 1.000000 1.000000 1.000000
27 1708672573 1.000000 1 1.000000 1.000000 1.000000
27 1708672573 1.000000 1 1.000000 1.000000 1.000000
27 1708672573 1.000000 1 1.000000 1.000000 1.000000
27 1708672573 1.000000 1 1.000000 1.000000 1.000000
27 1708672573 1.000000 1 1.000000 1.000000 1.000000
27 1708672574 1.000000 1 1.000000 1.000000 1.000000
27 1708672574 1.000000 1 1.000000 1.000000 1.000000
27 1708672574 1.000000 1 1.000000 1.000000 1.000000
27 1708672574 1.000000 1 1.000000 1.000000 1.000000
27 1708672574 1.000000 1 1.000000 1.000000 1.000000
27 1708672574 1.000000 1 1.000000 1.000000 1.000000
27 1708672575 1.000000 1 1.000000 1.000000 1.000000
27 1708672575 1.000000 1 1.000000 1.000000 1.000000
27 1708672575 1.000000 1 1.000000 1.000000 1.000000
27 1708672575 1.000000 1 1.000000 1.000000 1.000000
27 1708672575 1.000000 1 1.000000 1.000000 1.000000
27 1708672575 1.000000 1 1.000000 1.000000 1.000000
27 1708672576 1.000000 1 1.000000 1.000000 1.000000
27 1708672576 1.000000 1 1.000000 1.000000 1.000000
27 1708672576 1.000000 1 1.000000 1.000000 1.000000
27 1708672576 1.000000 1 1.000000 1.000000 1.000000
27 1708672576 1.000000 1 1.000000 1.000000 1.000000
27 1708672577 1.000000 1 1.000000 1.000000 1.000000
27 1708672577 1.000000 1 1.000000 1.000000 1.000000
27 1708672577 1.000000 1 1.000000 1.000000 1.000000
27 1708672577 1.000000 1 1.000000 1.000000 1.000000
27 1708672577 1.000000 1 1.000000 1.000000 1.000000
27 1708672577 1.000000 1 1.000000 1.000000 1.000000
27 1708672578 1.000000 1 1.000000 1.000000 1.000000
27 1708672578 1.000000 1 1.000000 1.000000 1.000000
27 1708672578 1.000000 1 1.000000 1.000000 1.000000
27 1708672578 1.000000 1 1.000000 1.000000 1.000000
27 1708672578 1.000000 1 1.000000 1.000000 1.000000
27 1708672578 1.000000 1 1.000000 1.000000 1.000000
27 1708672579 1.000000 1 1.000000 1.000000 1.000000
27 1708672579 1.000000 1 1.000000 1.000000 1.000000
27 1708672579 1.000000 1 1.000000 1.000000 1.000000
27 1708672579 1.000000 1 1.000000 1.000000 1.000000
27 1708672579 1.000000 1 1.000000 1.000000 1.000000
27 1708672579 1.000000 1 1.000000 1.000000 1.000000
27 1708672580 1.000000 1 1.000000 1.000000 1.000000
27 1708672580 1.000000 1 1.000000 1.000000 1.000000
27 1708672580 1.000000 1 1.000000 1.000000 1.000000
27 1708672580 1.000000 1 1.000000 1.000000 1.000000
27 1708672580 1.000000 1 1.000000 1.000000 1.000000
27 1708672580 1.000000 1 1.000000 1.000000 1.000000
27 1708672581 1.000000 1 1.000000 1.000000 1.000000
27 1708672581 1.000000 1 1.000000 1.000000 1.000000
27 1708672581 1.000000 1 1.000000 1.000000 1.000000
27 1708672581 1.000000 1 1.000000 1.000000 1.000000
27 1708672581 1.000000 1 1.000000 1.000000 1.000000
27 1708672582 1.000000 1 1.000000 1.000000 1.000000
27 1708672582 1.000000 1 1.000000 1.000000 1.000000
27 1708672582 1.000000 1 1.000000 1.000000 1.000000
27 1708672583 1.000000 1 1.000000 1.000000 1.000000
27 1708672583 1.000000 1 1.000000 1.000000 1.000000
27 1708672583 1.000000 1 1.000000 1.000000 1.000000
27 1708672583 1.000000 1 1.000000 1.000000 1.000000
27 1708672584 1.000000 1 1.000000 1.000000 1.000000
27 1708672584 1.000000 1 1.000000 1.000000 1.000000
27 1708672584 1.000000 1 1.000000 1.000000 1.000000
27 1708672584 1.000000 1 1.000000 1.000000 1.000000
27 1708672585 1.000000 1 1.000000 1.000000 1.000000
27 1708672585 1.000000 1 1.000000 1.000000 1.000000
27 1708672585 1.000000 1 1.000000 1.000000 1.000000
27 1708672585 1.000000 1 1.000000 1.000000 1.000000
27 1708672586 1.000000 1 1.000000 1.000000 1.000000
27 1708672586 1.000000 1 1.000000 1.000000 1.000000
27 1708672586 1.000000 1 1.000000 1.000000 1.000000
27 1708672587 1.000000 1 1.000000 1.000000 1.000000
27 1708672587 1.000000 1 1.000000 1.000000 1.000000
27 1708672588 1.000000 1 1.000000 1.000000 1.000000
27 1708672588 1.000000 1 1.000000 1.000000 1.000000
27 1708672589 1.000000 1 1.000000 1.000000 1.000000
27 1708672589 1.000000 1 1.000000 1.000000 1.000000
27 1708672590 1.000000 1 1.000000 1.000000 1.000000
27 1708672590 1.000000 1 1.000000 1.000000 1.000000
27 1708672591 1.000000 1 1.000000 1.000000 1.000000
27 1708672649 1.000000 1 1.000000 1.000000 1.000000
