4 1708710065 0.000000 1 0.000000 0.000000 0.000000
5 1708710065 0.000000 1 0.000000 0.000000 0.000000
6 1708710065 0.000000 1 0.000000 0.000000 0.000000
7 1708710065 0.000000 1 0.000000 0.000000 0.000000
4 1708710066 0.000000 1 0.000000 0.000000 0.000000
5 1708710066 0.000000 1 0.000000 0.000000 0.000000
6 1708710066 0.000000 1 0.000000 0.000000 0.000000
7 1708710066 0.000000 1 0.000000 0.000000 0.000000
4 1708710067 0.000000 1 0.000000 0.000000 0.000000
5 1708710067 0.000000 1 0.000000 0.000000 0.000000
6 1708710067 0.000000 1 0.000000 0.000000 0.000000
7 1708710067 0.000000 1 0.000000 0.000000 0.000000
4 1708710068 1.000000 1 1.000000 1.000000 1.000000
5 1708710068 0.000000 1 0.000000 0.000000 0.000000
6 1708710068 0.000000 1 0.000000 0.000000 0.000000
7 1708710068 0.000000 1 0.000000 0.000000 0.000000
4 1708710069 1.000000 1 1.000000 1.000000 1.000000
5 1708710069 0.000000 1 0.000000 0.000000 0.000000
6 1708710069 0.000000 1 0.000000 0.000000 0.000000
7 1708710069 0.000000 1 0.000000 0.000000 0.000000
4 1708710070 1.000000 1 1.000000 1.000000 1.000000
5 1708710070 0.000000 1 0.000000 0.000000 0.000000
6 1708710070 0.000000 1 0.000000 0.000000 0.000000
7 1708710070 0.000000 1 0.000000 0.000000 0.000000
4 1708710071 1.000000 1 1.000000 1.000000 1.000000
5 1708710071 0.000000 1 0.000000 0.000000 0.000000
6 1708710071 0.000000 1 0.000000 0.000000 0.000000
7 1708710071 0.000000 1 0.000000 0.000000 0.000000
4 1708710072 1.000000 1 1.000000 1.000000 1.000000
5 1708710072 0.000000 1 0.000000 0.000000 0.000000
6 1708710072 0.000000 1 0.000000 0.000000 0.000000
7 1708710072 0.000000 1 0.000000 0.000000 0.000000
4 1708710073 1.000000 1 1.000000 1.000000 1.000000
5 1708710073 0.000000 1 0.000000 0.000000 0.000000
6 1708710073 0.000000 1 0.000000 0.000000 0.000000
7 1708710073 0.000000 1 0.000000 0.000000 0.000000
4 1708710074 1.000000 1 1.000000 1.000000 1.000000
5 1708710074 0.000000 1 0.000000 0.000000 0.000000
6 1708710074 0.000000 1 0.000000 0.000000 0.000000
7 1708710074 0.000000 1 0.000000 0.000000 0.000000
4 1708710075 1.000000 1 1.000000 1.000000 1.000000
5 1708710075 0.000000 1 0.000000 0.000000 0.000000
6 1708710075 0.000000 1 0.000000 0.000000 0.000000
7 1708710075 0.000000 1 0.000000 0.000000 0.000000
4 1708710076 1.000000 1 1.000000 1.000000 1.000000
5 1708710076 0.000000 1 0.000000 0.000000 0.000000
6 1708710076 0.000000 1 0.000000 0.000000 0.000000
7 1708710076 0.000000 1 0.000000 0.000000 0.000000
4 1708710077 1.000000 1 1.000000 1.000000 1.000000
5 1708710077 0.000000 1 0.000000 0.000000 0.000000
6 1708710077 0.000000 1 0.000000 0.000000 0.000000
7 1708710077 0.000000 1 0.000000 0.000000 0.000000
4 1708710079 1.000000 1 1.000000 1.000000 1.000000
5 1708710079 0.000000 1 0.000000 0.000000 0.000000
6 1708710079 0.000000 1 0.000000 0.000000 0.000000
7 1708710079 0.000000 1 0.000000 0.000000 0.000000
4 1708710080 1.000000 1 1.000000 1.000000 1.000000
5 1708710080 0.000000 1 0.000000 0.000000 0.000000
6 1708710080 0.000000 1 0.000000 0.000000 0.000000
7 1708710080 0.000000 1 0.000000 0.000000 0.000000
4 1708710081 1.000000 1 1.000000 1.000000 1.000000
5 1708710081 0.000000 1 0.000000 0.000000 0.000000
6 1708710081 0.000000 1 0.000000 0.000000 0.000000
7 1708710081 0.000000 1 0.000000 0.000000 0.000000
4 1708710082 2.000000 1 2.000000 2.000000 2.000000
5 1708710082 0.000000 1 0.000000 0.000000 0.000000
6 1708710082 0.000000 1 0.000000 0.000000 0.000000
7 1708710082 0.000000 1 0.000000 0.000000 0.000000
4 1708710083 2.000000 1 2.000000 2.000000 2.000000
5 1708710083 0.000000 1 0.000000 0.000000 0.000000
6 1708710083 0.000000 1 0.000000 0.000000 0.000000
7 1708710083 0.000000 1 0.000000 0.000000 0.000000
4 1708710084 2.000000 1 2.000000 2.000000 2.000000
5 1708710084 0.000000 1 0.000000 0.000000 0.000000
6 1708710084 0.000000 1 0.000000 0.000000 0.000000
7 1708710084 0.000000 1 0.000000 0.000000 0.000000
4 1708710085 2.000000 1 2.000000 2.000000 2.000000
5 1708710085 0.000000 1 0.000000 0.000000 0.000000
6 1708710085 0.000000 1 0.000000 0.000000 0.000000
7 1708710085 0.000000 1 0.000000 0.000000 0.000000
4 1708710086 2.000000 1 2.000000 2.000000 2.000000
5 1708710086 0.000000 1 0.000000 0.000000 0.000000
6 1708710086 0.000000 1 0.000000 0.000000 0.000000
7 1708710086 0.000000 1 0.000000 0.000000 0.000000
4 1708710087 2.000000 1 2.000000 2.000000 2.000000
5 1708710087 0.000000 1 0.000000 0.000000 0.000000
6 1708710087 0.000000 1 0.000000 0.000000 0.000000
7 1708710087 0.000000 1 0.000000 0.000000 0.000000
4 1708710088 2.000000 1 2.000000 2.000000 2.000000
5 1708710088 0.000000 1 0.000000 0.000000 0.000000
6 1708710088 0.000000 1 0.000000 0.000000 0.000000
7 1708710088 0.000000 1 0.000000 0.000000 0.000000
4 1708710089 2.000000 1 2.000000 2.000000 2.000000
5 1708710089 0.000000 1 0.000000 0.000000 0.000000
6 1708710089 0.000000 1 0.000000 0.000000 0.000000
7 1708710089 0.000000 1 0.000000 0.000000 0.000000
4 1708710090 2.000000 1 2.000000 2.000000 2.000000
5 1708710090 0.000000 1 0.000000 0.000000 0.000000
6 1708710090 0.000000 1 0.000000 0.000000 0.000000
7 1708710090 0.000000 1 0.000000 0.000000 0.000000
4 1708710091 2.000000 1 2.000000 2.000000 2.000000
5 1708710091 0.000000 1 0.000000 0.000000 0.000000
6 1708710091 0.000000 1 0.000000 0.000000 0.000000
7 1708710091 0.000000 1 0.000000 0.000000 0.000000
4 1708710092 2.000000 1 2.000000 2.000000 2.000000
5 1708710092 0.000000 1 0.000000 0.000000 0.000000
6 1708710092 0.000000 1 0.000000 0.000000 0.000000
7 1708710092 0.000000 1 0.000000 0.000000 0.000000
4 1708710093 2.000000 1 2.000000 2.000000 2.000000
5 1708710093 0.000000 1 0.000000 0.000000 0.000000
6 1708710093 0.000000 1 0.000000 0.000000 0.000000
7 1708710093 0.000000 1 0.000000 0.000000 0.000000
4 1708710094 2.000000 1 2.000000 2.000000 2.000000
5 1708710094 0.000000 1 0.000000 0.000000 0.000000
6 1708710094 0.000000 1 0.000000 0.000000 0.000000
7 1708710094 0.000000 1 0.000000 0.000000 0.000000
4 1708710095 2.000000 1 2.000000 2.000000 2.000000
5 1708710095 0.000000 1 0.000000 0.000000 0.000000
6 1708710095 0.000000 1 0.000000 0.000000 0.000000
7 1708710095 0.000000 1 0.000000 0.000000 0.000000
4 1708710096 2.000000 1 2.000000 2.000000 2.000000
5 1708710096 0.000000 1 0.000000 0.000000 0.000000
6 1708710096 0.000000 1 0.000000 0.000000 0.000000
7 1708710096 0.000000 1 0.000000 0.000000 0.000000
4 1708710097 3.000000 1 3.000000 3.000000 3.000000
5 1708710097 0.000000 1 0.000000 0.000000 0.000000
6 1708710097 0.000000 1 0.000000 0.000000 0.000000
7 1708710097 0.000000 1 0.000000 0.000000 0.000000
4 1708710098 3.000000 1 3.000000 3.000000 3.000000
5 1708710098 0.000000 1 0.000000 0.000000 0.000000
6 1708710098 0.000000 1 0.000000 0.000000 0.000000
7 1708710098 0.000000 1 0.000000 0.000000 0.000000
4 1708710099 3.000000 1 3.000000 3.000000 3.000000
5 1708710099 0.000000 1 0.000000 0.000000 0.000000
6 1708710099 0.000000 1 0.000000 0.000000 0.000000
7 1708710099 0.000000 1 0.000000 0.000000 0.000000
4 1708710100 3.000000 1 3.000000 3.000000 3.000000
5 1708710100 0.000000 1 0.000000 0.000000 0.000000
6 1708710100 0.000000 1 0.000000 0.000000 0.000000
7 1708710100 0.000000 1 0.000000 0.000000 0.000000
4 1708710101 3.000000 1 3.000000 3.000000 3.000000
5 1708710101 0.000000 1 0.000000 0.000000 0.000000
6 1708710101 0.000000 1 0.000000 0.000000 0.000000
7 1708710101 0.000000 1 0.000000 0.000000 0.000000
4 1708710102 3.000000 1 3.000000 3.000000 3.000000
5 1708710102 0.000000 1 0.000000 0.000000 0.000000
6 1708710102 0.000000 1 0.000000 0.000000 0.000000
7 1708710102 0.000000 1 0.000000 0.000000 0.000000
4 1708710103 3.000000 1 3.000000 3.000000 3.000000
5 1708710103 0.000000 1 0.000000 0.000000 0.000000
6 1708710103 0.000000 1 0.000000 0.000000 0.000000
7 1708710103 0.000000 1 0.000000 0.000000 0.000000
4 1708710104 3.000000 1 3.000000 3.000000 3.000000
5 1708710104 0.000000 1 0.000000 0.000000 0.000000
6 1708710104 0.000000 1 0.000000 0.000000 0.000000
7 1708710104 0.000000 1 0.000000 0.000000 0.000000
4 1708710105 3.000000 1 3.000000 3.000000 3.000000
5 1708710105 0.000000 1 0.000000 0.000000 0.000000
6 1708710105 0.000000 1 0.000000 0.000000 0.000000
7 1708710105 0.000000 1 0.000000 0.000000 0.000000
4 1708710106 3.000000 1 3.000000 3.000000 3.000000
5 1708710106 0.000000 1 0.000000 0.000000 0.000000
6 1708710106 0.000000 1 0.000000 0.000000 0.000000
7 1708710106 0.000000 1 0.000000 0.000000 0.000000
4 1708710107 3.000000 1 3.000000 3.000000 3.000000
5 1708710107 0.000000 1 0.000000 0.000000 0.000000
6 1708710107 0.000000 1 0.000000 0.000000 0.000000
7 1708710107 0.000000 1 0.000000 0.000000 0.000000
4 1708710108 3.000000 1 3.000000 3.000000 3.000000
5 1708710108 0.000000 1 0.000000 0.000000 0.000000
6 1708710108 0.000000 1 0.000000 0.000000 0.000000
7 1708710108 0.000000 1 0.000000 0.000000 0.000000
4 1708710109 3.000000 1 3.000000 3.000000 3.000000
5 1708710109 0.000000 1 0.000000 0.000000 0.000000
6 1708710109 0.000000 1 0.000000 0.000000 0.000000
7 1708710109 0.000000 1 0.000000 0.000000 0.000000
4 1708710110 3.000000 1 3.000000 3.000000 3.000000
5 1708710110 0.000000 1 0.000000 0.000000 0.000000
6 1708710110 0.000000 1 0.000000 0.000000 0.000000
7 1708710110 0.000000 1 0.000000 0.000000 0.000000
4 1708710111 3.000000 1 3.000000 3.000000 3.000000
5 1708710111 0.000000 1 0.000000 0.000000 0.000000
6 1708710111 0.000000 1 0.000000 0.000000 0.000000
7 1708710111 0.000000 1 0.000000 0.000000 0.000000
4 1708710112 4.000000 1 4.000000 4.000000 4.000000
5 1708710112 0.000000 1 0.000000 0.000000 0.000000
6 1708710112 0.000000 1 0.000000 0.000000 0.000000
7 1708710112 0.000000 1 0.000000 0.000000 0.000000
4 1708710113 4.000000 1 4.000000 4.000000 4.000000
5 1708710113 0.000000 1 0.000000 0.000000 0.000000
6 1708710113 0.000000 1 0.000000 0.000000 0.000000
7 1708710113 0.000000 1 0.000000 0.000000 0.000000
4 1708710114 4.000000 1 4.000000 4.000000 4.000000
5 1708710114 0.000000 1 0.000000 0.000000 0.000000
6 1708710114 0.000000 1 0.000000 0.000000 0.000000
7 1708710114 0.000000 1 0.000000 0.000000 0.000000
4 1708710115 4.000000 1 4.000000 4.000000 4.000000
5 1708710115 0.000000 1 0.000000 0.000000 0.000000
6 1708710115 0.000000 1 0.000000 0.000000 0.000000
7 1708710115 0.000000 1 0.000000 0.000000 0.000000
4 1708710116 4.000000 1 4.000000 4.000000 4.000000
5 1708710116 0.000000 1 0.000000 0.000000 0.000000
6 1708710116 0.000000 1 0.000000 0.000000 0.000000
7 1708710116 0.000000 1 0.000000 0.000000 0.000000
4 1708710117 4.000000 1 4.000000 4.000000 4.000000
5 1708710117 0.000000 1 0.000000 0.000000 0.000000
6 1708710117 0.000000 1 0.000000 0.000000 0.000000
7 1708710117 0.000000 1 0.000000 0.000000 0.000000
4 1708710118 4.000000 1 4.000000 4.000000 4.000000
5 1708710118 0.000000 1 0.000000 0.000000 0.000000
6 1708710118 0.000000 1 0.000000 0.000000 0.000000
7 1708710118 0.000000 1 0.000000 0.000000 0.000000
4 1708710119 4.000000 1 4.000000 4.000000 4.000000
5 1708710119 0.000000 1 0.000000 0.000000 0.000000
6 1708710119 0.000000 1 0.000000 0.000000 0.000000
7 1708710119 0.000000 1 0.000000 0.000000 0.000000
4 1708710120 4.000000 1 4.000000 4.000000 4.000000
5 1708710120 0.000000 1 0.000000 0.000000 0.000000
6 1708710120 0.000000 1 0.000000 0.000000 0.000000
7 1708710120 0.000000 1 0.000000 0.000000 0.000000
4 1708710121 4.000000 1 4.000000 4.000000 4.000000
5 1708710121 0.000000 1 0.000000 0.000000 0.000000
6 1708710121 0.000000 1 0.000000 0.000000 0.000000
7 1708710121 0.000000 1 0.000000 0.000000 0.000000
4 1708710122 4.000000 1 4.000000 4.000000 4.000000
5 1708710122 0.000000 1 0.000000 0.000000 0.000000
6 1708710122 0.000000 1 0.000000 0.000000 0.000000
7 1708710122 0.000000 1 0.000000 0.000000 0.000000
4 1708710123 4.000000 1 4.000000 4.000000 4.000000
5 1708710123 0.000000 1 0.000000 0.000000 0.000000
6 1708710123 0.000000 1 0.000000 0.000000 0.000000
7 1708710123 0.000000 1 0.000000 0.000000 0.000000
4 1708710124 4.000000 1 4.000000 4.000000 4.000000
5 1708710124 0.000000 1 0.000000 0.000000 0.000000
6 1708710124 0.000000 1 0.000000 0.000000 0.000000
7 1708710124 0.000000 1 0.000000 0.000000 0.000000
4 1708710125 4.000000 1 4.000000 4.000000 4.000000
5 1708710125 0.000000 1 0.000000 0.000000 0.000000
6 1708710125 0.000000 1 0.000000 0.000000 0.000000
7 1708710125 0.000000 1 0.000000 0.000000 0.000000
4 1708710126 5.000000 1 5.000000 5.000000 5.000000
5 1708710126 0.000000 1 0.000000 0.000000 0.000000
6 1708710126 0.000000 1 0.000000 0.000000 0.000000
7 1708710126 0.000000 1 0.000000 0.000000 0.000000
4 1708710127 5.000000 1 5.000000 5.000000 5.000000
5 1708710127 0.000000 1 0.000000 0.000000 0.000000
6 1708710127 0.000000 1 0.000000 0.000000 0.000000
7 1708710127 0.000000 1 0.000000 0.000000 0.000000
4 1708710128 5.000000 1 5.000000 5.000000 5.000000
5 1708710128 0.000000 1 0.000000 0.000000 0.000000
6 1708710128 0.000000 1 0.000000 0.000000 0.000000
7 1708710128 0.000000 1 0.000000 0.000000 0.000000
4 1708710129 5.000000 1 5.000000 5.000000 5.000000
5 1708710129 0.000000 1 0.000000 0.000000 0.000000
6 1708710129 0.000000 1 0.000000 0.000000 0.000000
7 1708710129 0.000000 1 0.000000 0.000000 0.000000
4 1708710130 5.000000 1 5.000000 5.000000 5.000000
5 1708710130 0.000000 1 0.000000 0.000000 0.000000
6 1708710130 0.000000 1 0.000000 0.000000 0.000000
7 1708710130 0.000000 1 0.000000 0.000000 0.000000
4 1708710131 5.000000 1 5.000000 5.000000 5.000000
5 1708710131 0.000000 1 0.000000 0.000000 0.000000
6 1708710131 0.000000 1 0.000000 0.000000 0.000000
7 1708710131 0.000000 1 0.000000 0.000000 0.000000
4 1708710132 5.000000 1 5.000000 5.000000 5.000000
5 1708710132 0.000000 1 0.000000 0.000000 0.000000
6 1708710132 0.000000 1 0.000000 0.000000 0.000000
7 1708710132 0.000000 1 0.000000 0.000000 0.000000
4 1708710133 5.000000 1 5.000000 5.000000 5.000000
5 1708710133 0.000000 1 0.000000 0.000000 0.000000
6 1708710133 0.000000 1 0.000000 0.000000 0.000000
7 1708710133 0.000000 1 0.000000 0.000000 0.000000
4 1708710134 5.000000 1 5.000000 5.000000 5.000000
5 1708710134 0.000000 1 0.000000 0.000000 0.000000
6 1708710134 0.000000 1 0.000000 0.000000 0.000000
7 1708710134 0.000000 1 0.000000 0.000000 0.000000
4 1708710135 5.000000 1 5.000000 5.000000 5.000000
5 1708710135 0.000000 1 0.000000 0.000000 0.000000
6 1708710135 0.000000 1 0.000000 0.000000 0.000000
7 1708710135 0.000000 1 0.000000 0.000000 0.000000
4 1708710136 5.000000 1 5.000000 5.000000 5.000000
5 1708710136 0.000000 1 0.000000 0.000000 0.000000
6 1708710136 0.000000 1 0.000000 0.000000 0.000000
7 1708710136 0.000000 1 0.000000 0.000000 0.000000
4 1708710137 5.000000 1 5.000000 5.000000 5.000000
5 1708710137 0.000000 1 0.000000 0.000000 0.000000
6 1708710137 0.000000 1 0.000000 0.000000 0.000000
7 1708710137 0.000000 1 0.000000 0.000000 0.000000
4 1708710138 5.000000 1 5.000000 5.000000 5.000000
5 1708710138 0.000000 1 0.000000 0.000000 0.000000
6 1708710138 0.000000 1 0.000000 0.000000 0.000000
7 1708710138 0.000000 1 0.000000 0.000000 0.000000
4 1708710139 5.000000 1 5.000000 5.000000 5.000000
5 1708710139 0.000000 1 0.000000 0.000000 0.000000
6 1708710139 0.000000 1 0.000000 0.000000 0.000000
7 1708710139 0.000000 1 0.000000 0.000000 0.000000
4 1708710140 5.000000 1 5.000000 5.000000 5.000000
5 1708710140 0.000000 1 0.000000 0.000000 0.000000
6 1708710140 0.000000 1 0.000000 0.000000 0.000000
7 1708710140 0.000000 1 0.000000 0.000000 0.000000
4 1708710141 5.000000 1 5.000000 5.000000 5.000000
5 1708710141 0.000000 1 0.000000 0.000000 0.000000
6 1708710141 0.000000 1 0.000000 0.000000 0.000000
7 1708710141 0.000000 1 0.000000 0.000000 0.000000
4 1708710142 5.000000 1 5.000000 5.000000 5.000000
5 1708710142 0.000000 1 0.000000 0.000000 0.000000
6 1708710142 0.000000 1 0.000000 0.000000 0.000000
7 1708710142 0.000000 1 0.000000 0.000000 0.000000
4 1708710144 5.000000 1 5.000000 5.000000 5.000000
5 1708710144 0.000000 1 0.000000 0.000000 0.000000
6 1708710144 0.000000 1 0.000000 0.000000 0.000000
7 1708710144 0.000000 1 0.000000 0.000000 0.000000
4 1708710145 5.000000 1 5.000000 5.000000 5.000000
5 1708710145 0.000000 1 0.000000 0.000000 0.000000
6 1708710145 0.000000 1 0.000000 0.000000 0.000000
7 1708710145 0.000000 1 0.000000 0.000000 0.000000
4 1708710146 5.000000 1 5.000000 5.000000 5.000000
5 1708710146 0.000000 1 0.000000 0.000000 0.000000
6 1708710146 0.000000 1 0.000000 0.000000 0.000000
7 1708710146 0.000000 1 0.000000 0.000000 0.000000
4 1708710147 5.000000 1 5.000000 5.000000 5.000000
5 1708710147 0.000000 1 0.000000 0.000000 0.000000
6 1708710147 0.000000 1 0.000000 0.000000 0.000000
7 1708710147 0.000000 1 0.000000 0.000000 0.000000
4 1708710148 5.000000 1 5.000000 5.000000 5.000000
5 1708710148 0.000000 1 0.000000 0.000000 0.000000
6 1708710148 0.000000 1 0.000000 0.000000 0.000000
7 1708710148 0.000000 1 0.000000 0.000000 0.000000
4 1708710149 5.000000 1 5.000000 5.000000 5.000000
5 1708710149 0.000000 1 0.000000 0.000000 0.000000
6 1708710149 0.000000 1 0.000000 0.000000 0.000000
7 1708710149 0.000000 1 0.000000 0.000000 0.000000
4 1708710150 5.000000 1 5.000000 5.000000 5.000000
5 1708710150 0.000000 1 0.000000 0.000000 0.000000
6 1708710150 0.000000 1 0.000000 0.000000 0.000000
7 1708710150 0.000000 1 0.000000 0.000000 0.000000
4 1708710151 5.000000 1 5.000000 5.000000 5.000000
5 1708710151 0.000000 1 0.000000 0.000000 0.000000
6 1708710151 0.000000 1 0.000000 0.000000 0.000000
7 1708710151 0.000000 1 0.000000 0.000000 0.000000
4 1708710152 5.000000 1 5.000000 5.000000 5.000000
5 1708710152 0.000000 1 0.000000 0.000000 0.000000
6 1708710152 0.000000 1 0.000000 0.000000 0.000000
7 1708710152 0.000000 1 0.000000 0.000000 0.000000
4 1708710153 5.000000 1 5.000000 5.000000 5.000000
5 1708710153 0.000000 1 0.000000 0.000000 0.000000
6 1708710153 0.000000 1 0.000000 0.000000 0.000000
7 1708710153 0.000000 1 0.000000 0.000000 0.000000
4 1708710154 5.000000 1 5.000000 5.000000 5.000000
5 1708710154 0.000000 1 0.000000 0.000000 0.000000
6 1708710154 0.000000 1 0.000000 0.000000 0.000000
7 1708710154 0.000000 1 0.000000 0.000000 0.000000
4 1708710155 5.000000 1 5.000000 5.000000 5.000000
5 1708710155 0.000000 1 0.000000 0.000000 0.000000
6 1708710155 0.000000 1 0.000000 0.000000 0.000000
7 1708710155 0.000000 1 0.000000 0.000000 0.000000
4 1708710156 5.000000 1 5.000000 5.000000 5.000000
5 1708710156 0.000000 1 0.000000 0.000000 0.000000
6 1708710156 0.000000 1 0.000000 0.000000 0.000000
7 1708710156 0.000000 1 0.000000 0.000000 0.000000
4 1708710157 5.000000 1 5.000000 5.000000 5.000000
5 1708710157 0.000000 1 0.000000 0.000000 0.000000
6 1708710157 0.000000 1 0.000000 0.000000 0.000000
7 1708710157 0.000000 1 0.000000 0.000000 0.000000
4 1708710158 5.000000 1 5.000000 5.000000 5.000000
5 1708710158 0.000000 1 0.000000 0.000000 0.000000
6 1708710158 0.000000 1 0.000000 0.000000 0.000000
7 1708710158 0.000000 1 0.000000 0.000000 0.000000
4 1708710159 5.000000 1 5.000000 5.000000 5.000000
5 1708710159 0.000000 1 0.000000 0.000000 0.000000
6 1708710159 0.000000 1 0.000000 0.000000 0.000000
7 1708710159 0.000000 1 0.000000 0.000000 0.000000
4 1708710160 5.000000 1 5.000000 5.000000 5.000000
5 1708710160 0.000000 1 0.000000 0.000000 0.000000
6 1708710160 0.000000 1 0.000000 0.000000 0.000000
7 1708710160 0.000000 1 0.000000 0.000000 0.000000
4 1708710161 5.000000 1 5.000000 5.000000 5.000000
5 1708710161 0.000000 1 0.000000 0.000000 0.000000
6 1708710161 0.000000 1 0.000000 0.000000 0.000000
7 1708710161 0.000000 1 0.000000 0.000000 0.000000
4 1708710162 5.000000 1 5.000000 5.000000 5.000000
5 1708710162 0.000000 1 0.000000 0.000000 0.000000
6 1708710162 0.000000 1 0.000000 0.000000 0.000000
7 1708710162 0.000000 1 0.000000 0.000000 0.000000
4 1708710163 5.000000 1 5.000000 5.000000 5.000000
5 1708710163 0.000000 1 0.000000 0.000000 0.000000
6 1708710163 0.000000 1 0.000000 0.000000 0.000000
7 1708710163 0.000000 1 0.000000 0.000000 0.000000
4 1708710164 5.000000 1 5.000000 5.000000 5.000000
5 1708710164 0.000000 1 0.000000 0.000000 0.000000
6 1708710164 0.000000 1 0.000000 0.000000 0.000000
7 1708710164 0.000000 1 0.000000 0.000000 0.000000
4 1708710165 5.000000 1 5.000000 5.000000 5.000000
5 1708710165 0.000000 1 0.000000 0.000000 0.000000
6 1708710165 0.000000 1 0.000000 0.000000 0.000000
7 1708710165 0.000000 1 0.000000 0.000000 0.000000
4 1708710166 5.000000 1 5.000000 5.000000 5.000000
5 1708710166 0.000000 1 0.000000 0.000000 0.000000
6 1708710166 0.000000 1 0.000000 0.000000 0.000000
7 1708710166 0.000000 1 0.000000 0.000000 0.000000
4 1708710167 5.000000 1 5.000000 5.000000 5.000000
5 1708710167 0.000000 1 0.000000 0.000000 0.000000
6 1708710167 0.000000 1 0.000000 0.000000 0.000000
7 1708710167 0.000000 1 0.000000 0.000000 0.000000
4 1708710168 5.000000 1 5.000000 5.000000 5.000000
5 1708710168 0.000000 1 0.000000 0.000000 0.000000
6 1708710168 0.000000 1 0.000000 0.000000 0.000000
7 1708710168 0.000000 1 0.000000 0.000000 0.000000
4 1708710169 5.000000 1 5.000000 5.000000 5.000000
5 1708710169 0.000000 1 0.000000 0.000000 0.000000
6 1708710169 0.000000 1 0.000000 0.000000 0.000000
7 1708710169 0.000000 1 0.000000 0.000000 0.000000
4 1708710170 5.000000 1 5.000000 5.000000 5.000000
5 1708710170 0.000000 1 0.000000 0.000000 0.000000
6 1708710170 0.000000 1 0.000000 0.000000 0.000000
7 1708710170 0.000000 1 0.000000 0.000000 0.000000
4 1708710171 5.000000 1 5.000000 5.000000 5.000000
5 1708710171 0.000000 1 0.000000 0.000000 0.000000
6 1708710171 0.000000 1 0.000000 0.000000 0.000000
7 1708710171 0.000000 1 0.000000 0.000000 0.000000
4 1708710172 5.000000 1 5.000000 5.000000 5.000000
5 1708710172 0.000000 1 0.000000 0.000000 0.000000
6 1708710172 0.000000 1 0.000000 0.000000 0.000000
7 1708710172 0.000000 1 0.000000 0.000000 0.000000
4 1708710173 5.000000 1 5.000000 5.000000 5.000000
5 1708710173 0.000000 1 0.000000 0.000000 0.000000
6 1708710173 0.000000 1 0.000000 0.000000 0.000000
7 1708710173 0.000000 1 0.000000 0.000000 0.000000
4 1708710174 5.000000 1 5.000000 5.000000 5.000000
5 1708710174 0.000000 1 0.000000 0.000000 0.000000
6 1708710174 0.000000 1 0.000000 0.000000 0.000000
7 1708710174 0.000000 1 0.000000 0.000000 0.000000
4 1708710175 5.000000 1 5.000000 5.000000 5.000000
5 1708710175 0.000000 1 0.000000 0.000000 0.000000
6 1708710175 0.000000 1 0.000000 0.000000 0.000000
7 1708710175 0.000000 1 0.000000 0.000000 0.000000
4 1708710176 5.000000 1 5.000000 5.000000 5.000000
5 1708710176 0.000000 1 0.000000 0.000000 0.000000
6 1708710176 0.000000 1 0.000000 0.000000 0.000000
7 1708710176 0.000000 1 0.000000 0.000000 0.000000
4 1708710177 5.000000 1 5.000000 5.000000 5.000000
5 1708710177 0.000000 1 0.000000 0.000000 0.000000
6 1708710177 0.000000 1 0.000000 0.000000 0.000000
7 1708710177 0.000000 1 0.000000 0.000000 0.000000
4 1708710178 5.000000 1 5.000000 5.000000 5.000000
5 1708710178 0.000000 1 0.000000 0.000000 0.000000
6 1708710178 0.000000 1 0.000000 0.000000 0.000000
7 1708710178 0.000000 1 0.000000 0.000000 0.000000
4 1708710179 5.000000 1 5.000000 5.000000 5.000000
5 1708710179 0.000000 1 0.000000 0.000000 0.000000
6 1708710179 0.000000 1 0.000000 0.000000 0.000000
7 1708710179 0.000000 1 0.000000 0.000000 0.000000
4 1708710180 5.000000 1 5.000000 5.000000 5.000000
5 1708710180 0.000000 1 0.000000 0.000000 0.000000
6 1708710180 0.000000 1 0.000000 0.000000 0.000000
7 1708710180 0.000000 1 0.000000 0.000000 0.000000
4 1708710181 5.000000 1 5.000000 5.000000 5.000000
5 1708710181 0.000000 1 0.000000 0.000000 0.000000
6 1708710181 0.000000 1 0.000000 0.000000 0.000000
7 1708710181 0.000000 1 0.000000 0.000000 0.000000
4 1708710182 5.000000 1 5.000000 5.000000 5.000000
5 1708710182 0.000000 1 0.000000 0.000000 0.000000
6 1708710182 0.000000 1 0.000000 0.000000 0.000000
7 1708710182 0.000000 1 0.000000 0.000000 0.000000
4 1708710183 5.000000 1 5.000000 5.000000 5.000000
5 1708710183 0.000000 1 0.000000 0.000000 0.000000
6 1708710183 0.000000 1 0.000000 0.000000 0.000000
7 1708710183 0.000000 1 0.000000 0.000000 0.000000
4 1708710184 5.000000 1 5.000000 5.000000 5.000000
5 1708710184 0.000000 1 0.000000 0.000000 0.000000
6 1708710184 0.000000 1 0.000000 0.000000 0.000000
7 1708710184 0.000000 1 0.000000 0.000000 0.000000
4 1708710185 5.000000 1 5.000000 5.000000 5.000000
5 1708710185 0.000000 1 0.000000 0.000000 0.000000
6 1708710185 0.000000 1 0.000000 0.000000 0.000000
7 1708710185 0.000000 1 0.000000 0.000000 0.000000
4 1708710186 5.000000 1 5.000000 5.000000 5.000000
5 1708710186 0.000000 1 0.000000 0.000000 0.000000
6 1708710186 0.000000 1 0.000000 0.000000 0.000000
7 1708710186 0.000000 1 0.000000 0.000000 0.000000
4 1708710187 5.000000 1 5.000000 5.000000 5.000000
5 1708710187 0.000000 1 0.000000 0.000000 0.000000
6 1708710187 0.000000 1 0.000000 0.000000 0.000000
7 1708710187 0.000000 1 0.000000 0.000000 0.000000
4 1708710188 5.000000 1 5.000000 5.000000 5.000000
5 1708710188 0.000000 1 0.000000 0.000000 0.000000
6 1708710188 0.000000 1 0.000000 0.000000 0.000000
7 1708710188 0.000000 1 0.000000 0.000000 0.000000
4 1708710189 5.000000 1 5.000000 5.000000 5.000000
5 1708710189 0.000000 1 0.000000 0.000000 0.000000
6 1708710189 0.000000 1 0.000000 0.000000 0.000000
7 1708710189 0.000000 1 0.000000 0.000000 0.000000
4 1708710190 5.000000 1 5.000000 5.000000 5.000000
5 1708710190 0.000000 1 0.000000 0.000000 0.000000
6 1708710190 0.000000 1 0.000000 0.000000 0.000000
7 1708710190 0.000000 1 0.000000 0.000000 0.000000
4 1708710191 5.000000 1 5.000000 5.000000 5.000000
5 1708710191 0.000000 1 0.000000 0.000000 0.000000
6 1708710191 0.000000 1 0.000000 0.000000 0.000000
7 1708710191 0.000000 1 0.000000 0.000000 0.000000
4 1708710192 5.000000 1 5.000000 5.000000 5.000000
5 1708710192 0.000000 1 0.000000 0.000000 0.000000
6 1708710192 0.000000 1 0.000000 0.000000 0.000000
7 1708710192 0.000000 1 0.000000 0.000000 0.000000
4 1708710193 5.000000 1 5.000000 5.000000 5.000000
5 1708710193 0.000000 1 0.000000 0.000000 0.000000
6 1708710193 0.000000 1 0.000000 0.000000 0.000000
7 1708710193 0.000000 1 0.000000 0.000000 0.000000
4 1708710194 5.000000 1 5.000000 5.000000 5.000000
5 1708710194 0.000000 1 0.000000 0.000000 0.000000
6 1708710194 0.000000 1 0.000000 0.000000 0.000000
7 1708710194 0.000000 1 0.000000 0.000000 0.000000
4 1708710195 5.000000 1 5.000000 5.000000 5.000000
5 1708710195 0.000000 1 0.000000 0.000000 0.000000
6 1708710195 0.000000 1 0.000000 0.000000 0.000000
7 1708710195 0.000000 1 0.000000 0.000000 0.000000
4 1708710196 5.000000 1 5.000000 5.000000 5.000000
5 1708710196 0.000000 1 0.000000 0.000000 0.000000
6 1708710196 0.000000 1 0.000000 0.000000 0.000000
7 1708710196 0.000000 1 0.000000 0.000000 0.000000
4 1708710197 5.000000 1 5.000000 5.000000 5.000000
5 1708710197 0.000000 1 0.000000 0.000000 0.000000
6 1708710197 0.000000 1 0.000000 0.000000 0.000000
7 1708710197 0.000000 1 0.000000 0.000000 0.000000
4 1708710198 5.000000 1 5.000000 5.000000 5.000000
5 1708710198 0.000000 1 0.000000 0.000000 0.000000
6 1708710198 0.000000 1 0.000000 0.000000 0.000000
7 1708710198 0.000000 1 0.000000 0.000000 0.000000
4 1708710199 5.000000 1 5.000000 5.000000 5.000000
5 1708710199 0.000000 1 0.000000 0.000000 0.000000
6 1708710199 0.000000 1 0.000000 0.000000 0.000000
7 1708710199 0.000000 1 0.000000 0.000000 0.000000
4 1708710200 5.000000 1 5.000000 5.000000 5.000000
5 1708710200 0.000000 1 0.000000 0.000000 0.000000
6 1708710200 0.000000 1 0.000000 0.000000 0.000000
7 1708710200 0.000000 1 0.000000 0.000000 0.000000
4 1708710201 5.000000 1 5.000000 5.000000 5.000000
5 1708710201 0.000000 1 0.000000 0.000000 0.000000
6 1708710201 0.000000 1 0.000000 0.000000 0.000000
7 1708710201 0.000000 1 0.000000 0.000000 0.000000
4 1708710202 5.000000 1 5.000000 5.000000 5.000000
5 1708710202 0.000000 1 0.000000 0.000000 0.000000
6 1708710202 0.000000 1 0.000000 0.000000 0.000000
7 1708710202 0.000000 1 0.000000 0.000000 0.000000
4 1708710203 5.000000 1 5.000000 5.000000 5.000000
5 1708710203 0.000000 1 0.000000 0.000000 0.000000
6 1708710203 0.000000 1 0.000000 0.000000 0.000000
7 1708710203 0.000000 1 0.000000 0.000000 0.000000
4 1708710204 5.000000 1 5.000000 5.000000 5.000000
5 1708710204 0.000000 1 0.000000 0.000000 0.000000
6 1708710204 0.000000 1 0.000000 0.000000 0.000000
7 1708710204 0.000000 1 0.000000 0.000000 0.000000
4 1708710205 5.000000 1 5.000000 5.000000 5.000000
5 1708710205 0.000000 1 0.000000 0.000000 0.000000
6 1708710205 0.000000 1 0.000000 0.000000 0.000000
7 1708710205 0.000000 1 0.000000 0.000000 0.000000
4 1708710206 5.000000 1 5.000000 5.000000 5.000000
5 1708710206 0.000000 1 0.000000 0.000000 0.000000
6 1708710206 0.000000 1 0.000000 0.000000 0.000000
7 1708710206 0.000000 1 0.000000 0.000000 0.000000
4 1708710208 5.000000 1 5.000000 5.000000 5.000000
5 1708710208 0.000000 1 0.000000 0.000000 0.000000
6 1708710208 0.000000 1 0.000000 0.000000 0.000000
7 1708710208 0.000000 1 0.000000 0.000000 0.000000
4 1708710209 5.000000 1 5.000000 5.000000 5.000000
5 1708710209 0.000000 1 0.000000 0.000000 0.000000
6 1708710209 0.000000 1 0.000000 0.000000 0.000000
7 1708710209 0.000000 1 0.000000 0.000000 0.000000
4 1708710210 5.000000 1 5.000000 5.000000 5.000000
5 1708710210 0.000000 1 0.000000 0.000000 0.000000
6 1708710210 0.000000 1 0.000000 0.000000 0.000000
7 1708710210 0.000000 1 0.000000 0.000000 0.000000
4 1708710211 5.000000 1 5.000000 5.000000 5.000000
5 1708710211 0.000000 1 0.000000 0.000000 0.000000
6 1708710211 0.000000 1 0.000000 0.000000 0.000000
7 1708710211 0.000000 1 0.000000 0.000000 0.000000
4 1708710212 5.000000 1 5.000000 5.000000 5.000000
5 1708710212 0.000000 1 0.000000 0.000000 0.000000
6 1708710212 0.000000 1 0.000000 0.000000 0.000000
7 1708710212 0.000000 1 0.000000 0.000000 0.000000
4 1708710213 5.000000 1 5.000000 5.000000 5.000000
5 1708710213 0.000000 1 0.000000 0.000000 0.000000
6 1708710213 0.000000 1 0.000000 0.000000 0.000000
7 1708710213 0.000000 1 0.000000 0.000000 0.000000
4 1708710214 5.000000 1 5.000000 5.000000 5.000000
5 1708710214 0.000000 1 0.000000 0.000000 0.000000
6 1708710214 0.000000 1 0.000000 0.000000 0.000000
7 1708710214 0.000000 1 0.000000 0.000000 0.000000
4 1708710215 5.000000 1 5.000000 5.000000 5.000000
5 1708710215 0.000000 1 0.000000 0.000000 0.000000
6 1708710215 0.000000 1 0.000000 0.000000 0.000000
7 1708710215 0.000000 1 0.000000 0.000000 0.000000
4 1708710216 5.000000 1 5.000000 5.000000 5.000000
5 1708710216 0.000000 1 0.000000 0.000000 0.000000
6 1708710216 0.000000 1 0.000000 0.000000 0.000000
7 1708710216 0.000000 1 0.000000 0.000000 0.000000
4 1708710217 5.000000 1 5.000000 5.000000 5.000000
5 1708710217 0.000000 1 0.000000 0.000000 0.000000
6 1708710217 0.000000 1 0.000000 0.000000 0.000000
7 1708710217 0.000000 1 0.000000 0.000000 0.000000
4 1708710218 5.000000 1 5.000000 5.000000 5.000000
5 1708710218 0.000000 1 0.000000 0.000000 0.000000
6 1708710218 0.000000 1 0.000000 0.000000 0.000000
7 1708710218 0.000000 1 0.000000 0.000000 0.000000
4 1708710219 5.000000 1 5.000000 5.000000 5.000000
5 1708710219 0.000000 1 0.000000 0.000000 0.000000
6 1708710219 0.000000 1 0.000000 0.000000 0.000000
7 1708710219 0.000000 1 0.000000 0.000000 0.000000
4 1708710220 5.000000 1 5.000000 5.000000 5.000000
5 1708710220 0.000000 1 0.000000 0.000000 0.000000
6 1708710220 0.000000 1 0.000000 0.000000 0.000000
7 1708710220 0.000000 1 0.000000 0.000000 0.000000
4 1708710221 5.000000 1 5.000000 5.000000 5.000000
5 1708710221 0.000000 1 0.000000 0.000000 0.000000
6 1708710221 0.000000 1 0.000000 0.000000 0.000000
7 1708710221 0.000000 1 0.000000 0.000000 0.000000
4 1708710222 5.000000 1 5.000000 5.000000 5.000000
5 1708710222 0.000000 1 0.000000 0.000000 0.000000
6 1708710222 0.000000 1 0.000000 0.000000 0.000000
7 1708710222 0.000000 1 0.000000 0.000000 0.000000
4 1708710223 5.000000 1 5.000000 5.000000 5.000000
5 1708710223 0.000000 1 0.000000 0.000000 0.000000
6 1708710223 0.000000 1 0.000000 0.000000 0.000000
7 1708710223 0.000000 1 0.000000 0.000000 0.000000
4 1708710224 5.000000 1 5.000000 5.000000 5.000000
5 1708710224 0.000000 1 0.000000 0.000000 0.000000
6 1708710224 0.000000 1 0.000000 0.000000 0.000000
7 1708710224 0.000000 1 0.000000 0.000000 0.000000
4 1708710225 5.000000 1 5.000000 5.000000 5.000000
5 1708710225 0.000000 1 0.000000 0.000000 0.000000
6 1708710225 0.000000 1 0.000000 0.000000 0.000000
7 1708710225 0.000000 1 0.000000 0.000000 0.000000
4 1708710226 5.000000 1 5.000000 5.000000 5.000000
5 1708710226 0.000000 1 0.000000 0.000000 0.000000
6 1708710226 0.000000 1 0.000000 0.000000 0.000000
7 1708710226 0.000000 1 0.000000 0.000000 0.000000
4 1708710227 5.000000 1 5.000000 5.000000 5.000000
5 1708710227 0.000000 1 0.000000 0.000000 0.000000
6 1708710227 0.000000 1 0.000000 0.000000 0.000000
7 1708710227 0.000000 1 0.000000 0.000000 0.000000
4 1708710228 5.000000 1 5.000000 5.000000 5.000000
5 1708710228 0.000000 1 0.000000 0.000000 0.000000
6 1708710228 0.000000 1 0.000000 0.000000 0.000000
7 1708710228 0.000000 1 0.000000 0.000000 0.000000
4 1708710229 5.000000 1 5.000000 5.000000 5.000000
5 1708710229 0.000000 1 0.000000 0.000000 0.000000
6 1708710229 0.000000 1 0.000000 0.000000 0.000000
7 1708710229 0.000000 1 0.000000 0.000000 0.000000
4 1708710230 5.000000 1 5.000000 5.000000 5.000000
5 1708710230 0.000000 1 0.000000 0.000000 0.000000
6 1708710230 0.000000 1 0.000000 0.000000 0.000000
7 1708710230 0.000000 1 0.000000 0.000000 0.000000
4 1708710231 5.000000 1 5.000000 5.000000 5.000000
5 1708710231 0.000000 1 0.000000 0.000000 0.000000
6 1708710231 0.000000 1 0.000000 0.000000 0.000000
7 1708710231 0.000000 1 0.000000 0.000000 0.000000
4 1708710232 5.000000 1 5.000000 5.000000 5.000000
5 1708710232 0.000000 1 0.000000 0.000000 0.000000
6 1708710232 0.000000 1 0.000000 0.000000 0.000000
7 1708710232 0.000000 1 0.000000 0.000000 0.000000
4 1708710233 5.000000 1 5.000000 5.000000 5.000000
5 1708710233 0.000000 1 0.000000 0.000000 0.000000
6 1708710233 0.000000 1 0.000000 0.000000 0.000000
7 1708710233 0.000000 1 0.000000 0.000000 0.000000
4 1708710234 5.000000 1 5.000000 5.000000 5.000000
5 1708710234 0.000000 1 0.000000 0.000000 0.000000
6 1708710234 0.000000 1 0.000000 0.000000 0.000000
7 1708710234 0.000000 1 0.000000 0.000000 0.000000
4 1708710235 5.000000 1 5.000000 5.000000 5.000000
5 1708710235 0.000000 1 0.000000 0.000000 0.000000
6 1708710235 0.000000 1 0.000000 0.000000 0.000000
7 1708710235 0.000000 1 0.000000 0.000000 0.000000
4 1708710236 5.000000 1 5.000000 5.000000 5.000000
5 1708710236 0.000000 1 0.000000 0.000000 0.000000
6 1708710236 0.000000 1 0.000000 0.000000 0.000000
7 1708710236 0.000000 1 0.000000 0.000000 0.000000
4 1708710237 5.000000 1 5.000000 5.000000 5.000000
5 1708710237 0.000000 1 0.000000 0.000000 0.000000
6 1708710237 0.000000 1 0.000000 0.000000 0.000000
7 1708710237 0.000000 1 0.000000 0.000000 0.000000
4 1708710238 5.000000 1 5.000000 5.000000 5.000000
5 1708710238 0.000000 1 0.000000 0.000000 0.000000
6 1708710238 0.000000 1 0.000000 0.000000 0.000000
7 1708710238 0.000000 1 0.000000 0.000000 0.000000
4 1708710239 5.000000 1 5.000000 5.000000 5.000000
5 1708710239 0.000000 1 0.000000 0.000000 0.000000
6 1708710239 0.000000 1 0.000000 0.000000 0.000000
7 1708710239 0.000000 1 0.000000 0.000000 0.000000
4 1708710240 5.000000 1 5.000000 5.000000 5.000000
5 1708710240 0.000000 1 0.000000 0.000000 0.000000
6 1708710240 0.000000 1 0.000000 0.000000 0.000000
7 1708710240 0.000000 1 0.000000 0.000000 0.000000
4 1708710241 5.000000 1 5.000000 5.000000 5.000000
5 1708710241 0.000000 1 0.000000 0.000000 0.000000
6 1708710241 0.000000 1 0.000000 0.000000 0.000000
7 1708710241 0.000000 1 0.000000 0.000000 0.000000
4 1708710242 5.000000 1 5.000000 5.000000 5.000000
5 1708710242 0.000000 1 0.000000 0.000000 0.000000
6 1708710242 0.000000 1 0.000000 0.000000 0.000000
7 1708710242 0.000000 1 0.000000 0.000000 0.000000
4 1708710243 5.000000 1 5.000000 5.000000 5.000000
5 1708710243 0.000000 1 0.000000 0.000000 0.000000
6 1708710243 0.000000 1 0.000000 0.000000 0.000000
7 1708710243 0.000000 1 0.000000 0.000000 0.000000
4 1708710244 5.000000 1 5.000000 5.000000 5.000000
5 1708710244 0.000000 1 0.000000 0.000000 0.000000
6 1708710244 0.000000 1 0.000000 0.000000 0.000000
7 1708710244 0.000000 1 0.000000 0.000000 0.000000
4 1708710245 5.000000 1 5.000000 5.000000 5.000000
5 1708710245 0.000000 1 0.000000 0.000000 0.000000
6 1708710245 0.000000 1 0.000000 0.000000 0.000000
7 1708710245 0.000000 1 0.000000 0.000000 0.000000
4 1708710246 5.000000 1 5.000000 5.000000 5.000000
5 1708710246 0.000000 1 0.000000 0.000000 0.000000
6 1708710246 0.000000 1 0.000000 0.000000 0.000000
7 1708710246 0.000000 1 0.000000 0.000000 0.000000
4 1708710247 5.000000 1 5.000000 5.000000 5.000000
5 1708710247 0.000000 1 0.000000 0.000000 0.000000
6 1708710247 0.000000 1 0.000000 0.000000 0.000000
7 1708710247 0.000000 1 0.000000 0.000000 0.000000
4 1708710248 5.000000 1 5.000000 5.000000 5.000000
5 1708710248 0.000000 1 0.000000 0.000000 0.000000
6 1708710248 0.000000 1 0.000000 0.000000 0.000000
7 1708710248 0.000000 1 0.000000 0.000000 0.000000
4 1708710249 5.000000 1 5.000000 5.000000 5.000000
5 1708710249 0.000000 1 0.000000 0.000000 0.000000
6 1708710249 0.000000 1 0.000000 0.000000 0.000000
7 1708710249 0.000000 1 0.000000 0.000000 0.000000
4 1708710250 4.000000 1 4.000000 4.000000 4.000000
5 1708710250 0.000000 1 0.000000 0.000000 0.000000
6 1708710250 1.000000 1 1.000000 1.000000 1.000000
7 1708710250 0.000000 1 0.000000 0.000000 0.000000
4 1708710251 4.000000 1 4.000000 4.000000 4.000000
5 1708710251 0.000000 1 0.000000 0.000000 0.000000
6 1708710251 1.000000 1 1.000000 1.000000 1.000000
7 1708710251 0.000000 1 0.000000 0.000000 0.000000
4 1708710252 4.000000 1 4.000000 4.000000 4.000000
5 1708710252 0.000000 1 0.000000 0.000000 0.000000
6 1708710252 1.000000 1 1.000000 1.000000 1.000000
7 1708710252 0.000000 1 0.000000 0.000000 0.000000
4 1708710253 4.000000 1 4.000000 4.000000 4.000000
5 1708710253 0.000000 1 0.000000 0.000000 0.000000
6 1708710253 1.000000 1 1.000000 1.000000 1.000000
7 1708710253 0.000000 1 0.000000 0.000000 0.000000
4 1708710254 4.000000 1 4.000000 4.000000 4.000000
5 1708710254 0.000000 1 0.000000 0.000000 0.000000
6 1708710254 1.000000 1 1.000000 1.000000 1.000000
7 1708710254 0.000000 1 0.000000 0.000000 0.000000
4 1708710255 4.000000 1 4.000000 4.000000 4.000000
5 1708710255 0.000000 1 0.000000 0.000000 0.000000
6 1708710255 1.000000 1 1.000000 1.000000 1.000000
7 1708710255 0.000000 1 0.000000 0.000000 0.000000
4 1708710256 4.000000 1 4.000000 4.000000 4.000000
5 1708710256 0.000000 1 0.000000 0.000000 0.000000
6 1708710256 1.000000 1 1.000000 1.000000 1.000000
7 1708710256 0.000000 1 0.000000 0.000000 0.000000
4 1708710257 4.000000 1 4.000000 4.000000 4.000000
5 1708710257 0.000000 1 0.000000 0.000000 0.000000
6 1708710257 1.000000 1 1.000000 1.000000 1.000000
7 1708710257 0.000000 1 0.000000 0.000000 0.000000
4 1708710258 4.000000 1 4.000000 4.000000 4.000000
5 1708710258 0.000000 1 0.000000 0.000000 0.000000
6 1708710258 1.000000 1 1.000000 1.000000 1.000000
7 1708710258 0.000000 1 0.000000 0.000000 0.000000
4 1708710259 4.000000 1 4.000000 4.000000 4.000000
5 1708710259 0.000000 1 0.000000 0.000000 0.000000
6 1708710259 1.000000 1 1.000000 1.000000 1.000000
7 1708710259 0.000000 1 0.000000 0.000000 0.000000
4 1708710260 4.000000 1 4.000000 4.000000 4.000000
5 1708710260 0.000000 1 0.000000 0.000000 0.000000
6 1708710260 1.000000 1 1.000000 1.000000 1.000000
7 1708710260 0.000000 1 0.000000 0.000000 0.000000
4 1708710261 4.000000 1 4.000000 4.000000 4.000000
5 1708710261 0.000000 1 0.000000 0.000000 0.000000
6 1708710261 1.000000 1 1.000000 1.000000 1.000000
7 1708710261 0.000000 1 0.000000 0.000000 0.000000
4 1708710262 4.000000 1 4.000000 4.000000 4.000000
5 1708710262 0.000000 1 0.000000 0.000000 0.000000
6 1708710262 1.000000 1 1.000000 1.000000 1.000000
7 1708710262 0.000000 1 0.000000 0.000000 0.000000
4 1708710263 4.000000 1 4.000000 4.000000 4.000000
5 1708710263 0.000000 1 0.000000 0.000000 0.000000
6 1708710263 1.000000 1 1.000000 1.000000 1.000000
7 1708710263 0.000000 1 0.000000 0.000000 0.000000
4 1708710264 3.000000 1 3.000000 3.000000 3.000000
5 1708710264 0.000000 1 0.000000 0.000000 0.000000
6 1708710264 2.000000 1 2.000000 2.000000 2.000000
7 1708710264 0.000000 1 0.000000 0.000000 0.000000
4 1708710265 3.000000 1 3.000000 3.000000 3.000000
5 1708710265 0.000000 1 0.000000 0.000000 0.000000
6 1708710265 2.000000 1 2.000000 2.000000 2.000000
7 1708710265 0.000000 1 0.000000 0.000000 0.000000
4 1708710266 3.000000 1 3.000000 3.000000 3.000000
5 1708710266 0.000000 1 0.000000 0.000000 0.000000
6 1708710266 2.000000 1 2.000000 2.000000 2.000000
7 1708710266 0.000000 1 0.000000 0.000000 0.000000
4 1708710267 3.000000 1 3.000000 3.000000 3.000000
5 1708710267 0.000000 1 0.000000 0.000000 0.000000
6 1708710267 2.000000 1 2.000000 2.000000 2.000000
7 1708710267 0.000000 1 0.000000 0.000000 0.000000
4 1708710268 3.000000 1 3.000000 3.000000 3.000000
5 1708710268 0.000000 1 0.000000 0.000000 0.000000
6 1708710268 2.000000 1 2.000000 2.000000 2.000000
7 1708710268 0.000000 1 0.000000 0.000000 0.000000
4 1708710269 3.000000 1 3.000000 3.000000 3.000000
5 1708710269 0.000000 1 0.000000 0.000000 0.000000
6 1708710269 2.000000 1 2.000000 2.000000 2.000000
7 1708710269 0.000000 1 0.000000 0.000000 0.000000
4 1708710270 3.000000 1 3.000000 3.000000 3.000000
5 1708710270 0.000000 1 0.000000 0.000000 0.000000
6 1708710270 2.000000 1 2.000000 2.000000 2.000000
7 1708710270 0.000000 1 0.000000 0.000000 0.000000
4 1708710271 3.000000 1 3.000000 3.000000 3.000000
5 1708710271 0.000000 1 0.000000 0.000000 0.000000
6 1708710271 2.000000 1 2.000000 2.000000 2.000000
7 1708710271 0.000000 1 0.000000 0.000000 0.000000
4 1708710273 3.000000 1 3.000000 3.000000 3.000000
5 1708710273 0.000000 1 0.000000 0.000000 0.000000
6 1708710273 2.000000 1 2.000000 2.000000 2.000000
7 1708710273 0.000000 1 0.000000 0.000000 0.000000
4 1708710274 3.000000 1 3.000000 3.000000 3.000000
5 1708710274 0.000000 1 0.000000 0.000000 0.000000
6 1708710274 2.000000 1 2.000000 2.000000 2.000000
7 1708710274 0.000000 1 0.000000 0.000000 0.000000
4 1708710275 3.000000 1 3.000000 3.000000 3.000000
5 1708710275 0.000000 1 0.000000 0.000000 0.000000
6 1708710275 2.000000 1 2.000000 2.000000 2.000000
7 1708710275 0.000000 1 0.000000 0.000000 0.000000
4 1708710276 3.000000 1 3.000000 3.000000 3.000000
5 1708710276 0.000000 1 0.000000 0.000000 0.000000
6 1708710276 2.000000 1 2.000000 2.000000 2.000000
7 1708710276 0.000000 1 0.000000 0.000000 0.000000
4 1708710277 3.000000 1 3.000000 3.000000 3.000000
5 1708710277 0.000000 1 0.000000 0.000000 0.000000
6 1708710277 2.000000 1 2.000000 2.000000 2.000000
7 1708710277 0.000000 1 0.000000 0.000000 0.000000
4 1708710278 3.000000 1 3.000000 3.000000 3.000000
5 1708710278 0.000000 1 0.000000 0.000000 0.000000
6 1708710278 2.000000 1 2.000000 2.000000 2.000000
7 1708710278 0.000000 1 0.000000 0.000000 0.000000
4 1708710279 2.000000 1 2.000000 2.000000 2.000000
5 1708710279 0.000000 1 0.000000 0.000000 0.000000
6 1708710279 3.000000 1 3.000000 3.000000 3.000000
7 1708710279 0.000000 1 0.000000 0.000000 0.000000
4 1708710280 2.000000 1 2.000000 2.000000 2.000000
5 1708710280 0.000000 1 0.000000 0.000000 0.000000
6 1708710280 3.000000 1 3.000000 3.000000 3.000000
7 1708710280 0.000000 1 0.000000 0.000000 0.000000
4 1708710281 2.000000 1 2.000000 2.000000 2.000000
5 1708710281 0.000000 1 0.000000 0.000000 0.000000
6 1708710281 3.000000 1 3.000000 3.000000 3.000000
7 1708710281 0.000000 1 0.000000 0.000000 0.000000
4 1708710282 2.000000 1 2.000000 2.000000 2.000000
5 1708710282 0.000000 1 0.000000 0.000000 0.000000
6 1708710282 3.000000 1 3.000000 3.000000 3.000000
7 1708710282 0.000000 1 0.000000 0.000000 0.000000
4 1708710283 2.000000 1 2.000000 2.000000 2.000000
5 1708710283 0.000000 1 0.000000 0.000000 0.000000
6 1708710283 3.000000 1 3.000000 3.000000 3.000000
7 1708710283 0.000000 1 0.000000 0.000000 0.000000
4 1708710284 2.000000 1 2.000000 2.000000 2.000000
5 1708710284 0.000000 1 0.000000 0.000000 0.000000
6 1708710284 3.000000 1 3.000000 3.000000 3.000000
7 1708710284 0.000000 1 0.000000 0.000000 0.000000
4 1708710285 2.000000 1 2.000000 2.000000 2.000000
5 1708710285 0.000000 1 0.000000 0.000000 0.000000
6 1708710285 3.000000 1 3.000000 3.000000 3.000000
7 1708710285 0.000000 1 0.000000 0.000000 0.000000
4 1708710286 2.000000 1 2.000000 2.000000 2.000000
5 1708710286 0.000000 1 0.000000 0.000000 0.000000
6 1708710286 3.000000 1 3.000000 3.000000 3.000000
7 1708710286 0.000000 1 0.000000 0.000000 0.000000
4 1708710287 2.000000 1 2.000000 2.000000 2.000000
5 1708710287 0.000000 1 0.000000 0.000000 0.000000
6 1708710287 3.000000 1 3.000000 3.000000 3.000000
7 1708710287 0.000000 1 0.000000 0.000000 0.000000
4 1708710288 2.000000 1 2.000000 2.000000 2.000000
5 1708710288 0.000000 1 0.000000 0.000000 0.000000
6 1708710288 3.000000 1 3.000000 3.000000 3.000000
7 1708710288 0.000000 1 0.000000 0.000000 0.000000
4 1708710289 2.000000 1 2.000000 2.000000 2.000000
5 1708710289 0.000000 1 0.000000 0.000000 0.000000
6 1708710289 3.000000 1 3.000000 3.000000 3.000000
7 1708710289 0.000000 1 0.000000 0.000000 0.000000
4 1708710290 2.000000 1 2.000000 2.000000 2.000000
5 1708710290 0.000000 1 0.000000 0.000000 0.000000
6 1708710290 3.000000 1 3.000000 3.000000 3.000000
7 1708710290 0.000000 1 0.000000 0.000000 0.000000
4 1708710291 2.000000 1 2.000000 2.000000 2.000000
5 1708710291 0.000000 1 0.000000 0.000000 0.000000
6 1708710291 3.000000 1 3.000000 3.000000 3.000000
7 1708710291 0.000000 1 0.000000 0.000000 0.000000
4 1708710292 2.000000 1 2.000000 2.000000 2.000000
5 1708710292 0.000000 1 0.000000 0.000000 0.000000
6 1708710292 3.000000 1 3.000000 3.000000 3.000000
7 1708710292 0.000000 1 0.000000 0.000000 0.000000
4 1708710293 2.000000 1 2.000000 2.000000 2.000000
5 1708710293 0.000000 1 0.000000 0.000000 0.000000
6 1708710293 3.000000 1 3.000000 3.000000 3.000000
7 1708710293 0.000000 1 0.000000 0.000000 0.000000
4 1708710294 1.000000 1 1.000000 1.000000 1.000000
5 1708710294 0.000000 1 0.000000 0.000000 0.000000
6 1708710294 4.000000 1 4.000000 4.000000 4.000000
7 1708710294 0.000000 1 0.000000 0.000000 0.000000
4 1708710295 1.000000 1 1.000000 1.000000 1.000000
5 1708710295 0.000000 1 0.000000 0.000000 0.000000
6 1708710295 4.000000 1 4.000000 4.000000 4.000000
7 1708710295 0.000000 1 0.000000 0.000000 0.000000
4 1708710296 1.000000 1 1.000000 1.000000 1.000000
5 1708710296 0.000000 1 0.000000 0.000000 0.000000
6 1708710296 4.000000 1 4.000000 4.000000 4.000000
7 1708710296 0.000000 1 0.000000 0.000000 0.000000
4 1708710297 1.000000 1 1.000000 1.000000 1.000000
5 1708710297 0.000000 1 0.000000 0.000000 0.000000
6 1708710297 4.000000 1 4.000000 4.000000 4.000000
7 1708710297 0.000000 1 0.000000 0.000000 0.000000
4 1708710298 1.000000 1 1.000000 1.000000 1.000000
5 1708710298 0.000000 1 0.000000 0.000000 0.000000
6 1708710298 4.000000 1 4.000000 4.000000 4.000000
7 1708710298 0.000000 1 0.000000 0.000000 0.000000
4 1708710299 1.000000 1 1.000000 1.000000 1.000000
5 1708710299 0.000000 1 0.000000 0.000000 0.000000
6 1708710299 4.000000 1 4.000000 4.000000 4.000000
7 1708710299 0.000000 1 0.000000 0.000000 0.000000
4 1708710300 1.000000 1 1.000000 1.000000 1.000000
5 1708710300 0.000000 1 0.000000 0.000000 0.000000
6 1708710300 4.000000 1 4.000000 4.000000 4.000000
7 1708710300 0.000000 1 0.000000 0.000000 0.000000
4 1708710301 1.000000 1 1.000000 1.000000 1.000000
5 1708710301 0.000000 1 0.000000 0.000000 0.000000
6 1708710301 4.000000 1 4.000000 4.000000 4.000000
7 1708710301 0.000000 1 0.000000 0.000000 0.000000
4 1708710302 1.000000 1 1.000000 1.000000 1.000000
5 1708710302 0.000000 1 0.000000 0.000000 0.000000
6 1708710302 4.000000 1 4.000000 4.000000 4.000000
7 1708710302 0.000000 1 0.000000 0.000000 0.000000
4 1708710303 1.000000 1 1.000000 1.000000 1.000000
5 1708710303 0.000000 1 0.000000 0.000000 0.000000
6 1708710303 4.000000 1 4.000000 4.000000 4.000000
7 1708710303 0.000000 1 0.000000 0.000000 0.000000
4 1708710304 1.000000 1 1.000000 1.000000 1.000000
5 1708710304 0.000000 1 0.000000 0.000000 0.000000
6 1708710304 4.000000 1 4.000000 4.000000 4.000000
7 1708710304 0.000000 1 0.000000 0.000000 0.000000
4 1708710305 1.000000 1 1.000000 1.000000 1.000000
5 1708710305 0.000000 1 0.000000 0.000000 0.000000
6 1708710305 4.000000 1 4.000000 4.000000 4.000000
7 1708710305 0.000000 1 0.000000 0.000000 0.000000
4 1708710306 1.000000 1 1.000000 1.000000 1.000000
5 1708710306 0.000000 1 0.000000 0.000000 0.000000
6 1708710306 4.000000 1 4.000000 4.000000 4.000000
7 1708710306 0.000000 1 0.000000 0.000000 0.000000
4 1708710307 1.000000 1 1.000000 1.000000 1.000000
5 1708710307 0.000000 1 0.000000 0.000000 0.000000
6 1708710307 4.000000 1 4.000000 4.000000 4.000000
7 1708710307 0.000000 1 0.000000 0.000000 0.000000
4 1708710308 1.000000 1 1.000000 1.000000 1.000000
5 1708710308 0.000000 1 0.000000 0.000000 0.000000
6 1708710308 4.000000 1 4.000000 4.000000 4.000000
7 1708710308 0.000000 1 0.000000 0.000000 0.000000
4 1708710309 0.000000 1 0.000000 0.000000 0.000000
5 1708710309 0.000000 1 0.000000 0.000000 0.000000
6 1708710309 5.000000 1 5.000000 5.000000 5.000000
7 1708710309 0.000000 1 0.000000 0.000000 0.000000
