8 1708673050 1.000000 1 1.000000 1.000000 1.000000
8 1708673051 1.000000 1 1.000000 1.000000 1.000000
8 1708673051 1.000000 1 1.000000 1.000000 1.000000
8 1708673052 1.000000 1 1.000000 1.000000 1.000000
8 1708673052 1.000000 1 1.000000 1.000000 1.000000
8 1708673053 1.000000 1 1.000000 1.000000 1.000000
8 1708673053 1.000000 1 1.000000 1.000000 1.000000
8 1708673053 1.000000 1 1.000000 1.000000 1.000000
8 1708673054 1.000000 1 1.000000 1.000000 1.000000
8 1708673054 1.000000 1 1.000000 1.000000 1.000000
8 1708673054 1.000000 1 1.000000 1.000000 1.000000
8 1708673054 1.000000 1 1.000000 1.000000 1.000000
8 1708673055 1.000000 1 1.000000 1.000000 1.000000
8 1708673055 1.000000 1 1.000000 1.000000 1.000000
8 1708673055 1.000000 1 1.000000 1.000000 1.000000
8 1708673055 1.000000 1 1.000000 1.000000 1.000000
8 1708673056 1.000000 1 1.000000 1.000000 1.000000
8 1708673056 1.000000 1 1.000000 1.000000 1.000000
8 1708673056 1.000000 1 1.000000 1.000000 1.000000
8 1708673056 1.000000 1 1.000000 1.000000 1.000000
8 1708673057 1.000000 1 1.000000 1.000000 1.000000
8 1708673057 1.000000 1 1.000000 1.000000 1.000000
8 1708673057 1.000000 1 1.000000 1.000000 1.000000
8 1708673057 1.000000 1 1.000000 1.000000 1.000000
8 1708673058 1.000000 1 1.000000 1.000000 1.000000
8 1708673058 1.000000 1 1.000000 1.000000 1.000000
8 1708673058 1.000000 1 1.000000 1.000000 1.000000
8 1708673058 1.000000 1 1.000000 1.000000 1.000000
8 1708673059 1.000000 1 1.000000 1.000000 1.000000
8 1708673059 1.000000 1 1.000000 1.000000 1.000000
8 1708673059 1.000000 1 1.000000 1.000000 1.000000
8 1708673059 1.000000 1 1.000000 1.000000 1.000000
8 1708673060 1.000000 1 1.000000 1.000000 1.000000
8 1708673060 1.000000 1 1.000000 1.000000 1.000000
8 1708673061 1.000000 1 1.000000 1.000000 1.000000
8 1708673061 1.000000 1 1.000000 1.000000 1.000000
8 1708673061 1.000000 1 1.000000 1.000000 1.000000
8 1708673061 1.000000 1 1.000000 1.000000 1.000000
8 1708673062 1.000000 1 1.000000 1.000000 1.000000
8 1708673062 1.000000 1 1.000000 1.000000 1.000000
8 1708673062 1.000000 1 1.000000 1.000000 1.000000
8 1708673062 1.000000 1 1.000000 1.000000 1.000000
8 1708673063 1.000000 1 1.000000 1.000000 1.000000
8 1708673063 1.000000 1 1.000000 1.000000 1.000000
8 1708673063 1.000000 1 1.000000 1.000000 1.000000
8 1708673063 1.000000 1 1.000000 1.000000 1.000000
8 1708673063 1.000000 1 1.000000 1.000000 1.000000
8 1708673064 1.000000 1 1.000000 1.000000 1.000000
8 1708673064 1.000000 1 1.000000 1.000000 1.000000
8 1708673064 1.000000 1 1.000000 1.000000 1.000000
8 1708673064 1.000000 1 1.000000 1.000000 1.000000
8 1708673064 1.000000 1 1.000000 1.000000 1.000000
8 1708673064 1.000000 1 1.000000 1.000000 1.000000
8 1708673064 1.000000 1 1.000000 1.000000 1.000000
8 1708673065 1.000000 1 1.000000 1.000000 1.000000
8 1708673065 1.000000 1 1.000000 1.000000 1.000000
8 1708673065 1.000000 1 1.000000 1.000000 1.000000
8 1708673065 1.000000 1 1.000000 1.000000 1.000000
8 1708673065 1.000000 1 1.000000 1.000000 1.000000
8 1708673066 1.000000 1 1.000000 1.000000 1.000000
8 1708673066 1.000000 1 1.000000 1.000000 1.000000
8 1708673066 1.000000 1 1.000000 1.000000 1.000000
8 1708673066 1.000000 1 1.000000 1.000000 1.000000
8 1708673066 1.000000 1 1.000000 1.000000 1.000000
8 1708673066 1.000000 1 1.000000 1.000000 1.000000
8 1708673067 1.000000 1 1.000000 1.000000 1.000000
8 1708673067 1.000000 1 1.000000 1.000000 1.000000
8 1708673067 1.000000 1 1.000000 1.000000 1.000000
8 1708673067 1.000000 1 1.000000 1.000000 1.000000
8 1708673067 1.000000 1 1.000000 1.000000 1.000000
8 1708673067 1.000000 1 1.000000 1.000000 1.000000
8 1708673067 1.000000 1 1.000000 1.000000 1.000000
8 1708673068 1.000000 1 1.000000 1.000000 1.000000
8 1708673068 1.000000 1 1.000000 1.000000 1.000000
8 1708673068 1.000000 1 1.000000 1.000000 1.000000
8 1708673068 1.000000 1 1.000000 1.000000 1.000000
8 1708673068 1.000000 1 1.000000 1.000000 1.000000
8 1708673069 1.000000 1 1.000000 1.000000 1.000000
8 1708673069 1.000000 1 1.000000 1.000000 1.000000
8 1708673069 1.000000 1 1.000000 1.000000 1.000000
8 1708673069 1.000000 1 1.000000 1.000000 1.000000
8 1708673069 1.000000 1 1.000000 1.000000 1.000000
8 1708673069 1.000000 1 1.000000 1.000000 1.000000
8 1708673070 1.000000 1 1.000000 1.000000 1.000000
8 1708673070 1.000000 1 1.000000 1.000000 1.000000
8 1708673070 1.000000 1 1.000000 1.000000 1.000000
8 1708673070 1.000000 1 1.000000 1.000000 1.000000
8 1708673070 1.000000 1 1.000000 1.000000 1.000000
8 1708673070 1.000000 1 1.000000 1.000000 1.000000
8 1708673071 1.000000 1 1.000000 1.000000 1.000000
8 1708673071 1.000000 1 1.000000 1.000000 1.000000
8 1708673071 1.000000 1 1.000000 1.000000 1.000000
8 1708673071 1.000000 1 1.000000 1.000000 1.000000
8 1708673071 1.000000 1 1.000000 1.000000 1.000000
8 1708673071 1.000000 1 1.000000 1.000000 1.000000
8 1708673072 1.000000 1 1.000000 1.000000 1.000000
8 1708673072 1.000000 1 1.000000 1.000000 1.000000
8 1708673072 1.000000 1 1.000000 1.000000 1.000000
8 1708673072 1.000000 1 1.000000 1.000000 1.000000
8 1708673072 1.000000 1 1.000000 1.000000 1.000000
8 1708673072 1.000000 1 1.000000 1.000000 1.000000
8 1708673073 1.000000 1 1.000000 1.000000 1.000000
8 1708673073 1.000000 1 1.000000 1.000000 1.000000
8 1708673073 1.000000 1 1.000000 1.000000 1.000000
8 1708673073 1.000000 1 1.000000 1.000000 1.000000
8 1708673073 1.000000 1 1.000000 1.000000 1.000000
8 1708673073 1.000000 1 1.000000 1.000000 1.000000
8 1708673073 1.000000 1 1.000000 1.000000 1.000000
8 1708673074 1.000000 1 1.000000 1.000000 1.000000
8 1708673074 1.000000 1 1.000000 1.000000 1.000000
8 1708673074 1.000000 1 1.000000 1.000000 1.000000
8 1708673074 1.000000 1 1.000000 1.000000 1.000000
8 1708673074 1.000000 1 1.000000 1.000000 1.000000
8 1708673074 1.000000 1 1.000000 1.000000 1.000000
8 1708673074 1.000000 1 1.000000 1.000000 1.000000
8 1708673074 1.000000 1 1.000000 1.000000 1.000000
8 1708673075 1.000000 1 1.000000 1.000000 1.000000
8 1708673075 1.000000 1 1.000000 1.000000 1.000000
8 1708673075 1.000000 1 1.000000 1.000000 1.000000
8 1708673075 1.000000 1 1.000000 1.000000 1.000000
8 1708673075 1.000000 1 1.000000 1.000000 1.000000
8 1708673075 1.000000 1 1.000000 1.000000 1.000000
8 1708673075 1.000000 1 1.000000 1.000000 1.000000
8 1708673076 1.000000 1 1.000000 1.000000 1.000000
8 1708673076 1.000000 1 1.000000 1.000000 1.000000
8 1708673076 1.000000 1 1.000000 1.000000 1.000000
8 1708673076 1.000000 1 1.000000 1.000000 1.000000
8 1708673076 1.000000 1 1.000000 1.000000 1.000000
8 1708673076 1.000000 1 1.000000 1.000000 1.000000
8 1708673076 1.000000 1 1.000000 1.000000 1.000000
8 1708673076 1.000000 1 1.000000 1.000000 1.000000
8 1708673077 1.000000 1 1.000000 1.000000 1.000000
8 1708673077 1.000000 1 1.000000 1.000000 1.000000
8 1708673077 1.000000 1 1.000000 1.000000 1.000000
8 1708673077 1.000000 1 1.000000 1.000000 1.000000
8 1708673077 1.000000 1 1.000000 1.000000 1.000000
8 1708673077 1.000000 1 1.000000 1.000000 1.000000
8 1708673077 1.000000 1 1.000000 1.000000 1.000000
8 1708673077 1.000000 1 1.000000 1.000000 1.000000
8 1708673078 1.000000 1 1.000000 1.000000 1.000000
8 1708673078 1.000000 1 1.000000 1.000000 1.000000
8 1708673078 1.000000 1 1.000000 1.000000 1.000000
8 1708673078 1.000000 1 1.000000 1.000000 1.000000
8 1708673078 1.000000 1 1.000000 1.000000 1.000000
8 1708673078 1.000000 1 1.000000 1.000000 1.000000
8 1708673078 1.000000 1 1.000000 1.000000 1.000000
8 1708673078 1.000000 1 1.000000 1.000000 1.000000
8 1708673079 1.000000 1 1.000000 1.000000 1.000000
8 1708673079 1.000000 1 1.000000 1.000000 1.000000
8 1708673079 1.000000 1 1.000000 1.000000 1.000000
8 1708673079 1.000000 1 1.000000 1.000000 1.000000
8 1708673079 1.000000 1 1.000000 1.000000 1.000000
8 1708673079 1.000000 1 1.000000 1.000000 1.000000
8 1708673079 1.000000 1 1.000000 1.000000 1.000000
8 1708673079 1.000000 1 1.000000 1.000000 1.000000
8 1708673080 1.000000 1 1.000000 1.000000 1.000000
8 1708673080 1.000000 1 1.000000 1.000000 1.000000
8 1708673080 1.000000 1 1.000000 1.000000 1.000000
8 1708673080 1.000000 1 1.000000 1.000000 1.000000
8 1708673080 1.000000 1 1.000000 1.000000 1.000000
8 1708673080 1.000000 1 1.000000 1.000000 1.000000
8 1708673080 1.000000 1 1.000000 1.000000 1.000000
8 1708673080 1.000000 1 1.000000 1.000000 1.000000
8 1708673081 1.000000 1 1.000000 1.000000 1.000000
8 1708673081 1.000000 1 1.000000 1.000000 1.000000
8 1708673081 1.000000 1 1.000000 1.000000 1.000000
8 1708673081 1.000000 1 1.000000 1.000000 1.000000
8 1708673081 1.000000 1 1.000000 1.000000 1.000000
8 1708673081 1.000000 1 1.000000 1.000000 1.000000
8 1708673081 1.000000 1 1.000000 1.000000 1.000000
8 1708673081 1.000000 1 1.000000 1.000000 1.000000
8 1708673081 1.000000 1 1.000000 1.000000 1.000000
8 1708673082 1.000000 1 1.000000 1.000000 1.000000
8 1708673082 1.000000 1 1.000000 1.000000 1.000000
8 1708673082 1.000000 1 1.000000 1.000000 1.000000
8 1708673082 1.000000 1 1.000000 1.000000 1.000000
8 1708673082 1.000000 1 1.000000 1.000000 1.000000
8 1708673082 1.000000 1 1.000000 1.000000 1.000000
8 1708673082 1.000000 1 1.000000 1.000000 1.000000
8 1708673083 1.000000 1 1.000000 1.000000 1.000000
8 1708673083 1.000000 1 1.000000 1.000000 1.000000
8 1708673083 1.000000 1 1.000000 1.000000 1.000000
8 1708673083 1.000000 1 1.000000 1.000000 1.000000
8 1708673083 1.000000 1 1.000000 1.000000 1.000000
8 1708673083 1.000000 1 1.000000 1.000000 1.000000
8 1708673083 1.000000 1 1.000000 1.000000 1.000000
8 1708673084 1.000000 1 1.000000 1.000000 1.000000
8 1708673084 1.000000 1 1.000000 1.000000 1.000000
8 1708673084 1.000000 1 1.000000 1.000000 1.000000
8 1708673084 1.000000 1 1.000000 1.000000 1.000000
8 1708673084 1.000000 1 1.000000 1.000000 1.000000
8 1708673084 1.000000 1 1.000000 1.000000 1.000000
8 1708673084 1.000000 1 1.000000 1.000000 1.000000
8 1708673084 1.000000 1 1.000000 1.000000 1.000000
8 1708673084 1.000000 1 1.000000 1.000000 1.000000
8 1708673084 1.000000 1 1.000000 1.000000 1.000000
8 1708673084 1.000000 1 1.000000 1.000000 1.000000
8 1708673085 1.000000 1 1.000000 1.000000 1.000000
8 1708673085 1.000000 1 1.000000 1.000000 1.000000
8 1708673085 1.000000 1 1.000000 1.000000 1.000000
8 1708673085 1.000000 1 1.000000 1.000000 1.000000
8 1708673085 1.000000 1 1.000000 1.000000 1.000000
8 1708673085 1.000000 1 1.000000 1.000000 1.000000
8 1708673085 1.000000 1 1.000000 1.000000 1.000000
8 1708673085 1.000000 1 1.000000 1.000000 1.000000
8 1708673085 1.000000 1 1.000000 1.000000 1.000000
8 1708673086 1.000000 1 1.000000 1.000000 1.000000
8 1708673086 1.000000 1 1.000000 1.000000 1.000000
8 1708673086 1.000000 1 1.000000 1.000000 1.000000
8 1708673086 1.000000 1 1.000000 1.000000 1.000000
8 1708673086 1.000000 1 1.000000 1.000000 1.000000
8 1708673086 1.000000 1 1.000000 1.000000 1.000000
8 1708673086 1.000000 1 1.000000 1.000000 1.000000
8 1708673086 1.000000 1 1.000000 1.000000 1.000000
8 1708673086 1.000000 1 1.000000 1.000000 1.000000
8 1708673086 1.000000 1 1.000000 1.000000 1.000000
8 1708673087 1.000000 1 1.000000 1.000000 1.000000
8 1708673087 1.000000 1 1.000000 1.000000 1.000000
8 1708673087 1.000000 1 1.000000 1.000000 1.000000
8 1708673087 1.000000 1 1.000000 1.000000 1.000000
8 1708673087 1.000000 1 1.000000 1.000000 1.000000
8 1708673087 1.000000 1 1.000000 1.000000 1.000000
8 1708673087 1.000000 1 1.000000 1.000000 1.000000
8 1708673087 1.000000 1 1.000000 1.000000 1.000000
8 1708673087 1.000000 1 1.000000 1.000000 1.000000
8 1708673087 1.000000 1 1.000000 1.000000 1.000000
8 1708673088 1.000000 1 1.000000 1.000000 1.000000
8 1708673088 1.000000 1 1.000000 1.000000 1.000000
8 1708673088 1.000000 1 1.000000 1.000000 1.000000
8 1708673088 1.000000 1 1.000000 1.000000 1.000000
8 1708673088 1.000000 1 1.000000 1.000000 1.000000
8 1708673088 1.000000 1 1.000000 1.000000 1.000000
8 1708673088 1.000000 1 1.000000 1.000000 1.000000
8 1708673088 1.000000 1 1.000000 1.000000 1.000000
8 1708673088 1.000000 1 1.000000 1.000000 1.000000
8 1708673088 1.000000 1 1.000000 1.000000 1.000000
8 1708673089 1.000000 1 1.000000 1.000000 1.000000
8 1708673089 1.000000 1 1.000000 1.000000 1.000000
8 1708673089 1.000000 1 1.000000 1.000000 1.000000
8 1708673089 1.000000 1 1.000000 1.000000 1.000000
8 1708673089 1.000000 1 1.000000 1.000000 1.000000
8 1708673089 1.000000 1 1.000000 1.000000 1.000000
8 1708673089 1.000000 1 1.000000 1.000000 1.000000
8 1708673089 1.000000 1 1.000000 1.000000 1.000000
8 1708673089 1.000000 1 1.000000 1.000000 1.000000
8 1708673089 1.000000 1 1.000000 1.000000 1.000000
8 1708673090 1.000000 1 1.000000 1.000000 1.000000
8 1708673090 1.000000 1 1.000000 1.000000 1.000000
8 1708673090 1.000000 1 1.000000 1.000000 1.000000
8 1708673090 1.000000 1 1.000000 1.000000 1.000000
8 1708673090 1.000000 1 1.000000 1.000000 1.000000
8 1708673090 1.000000 1 1.000000 1.000000 1.000000
8 1708673090 1.000000 1 1.000000 1.000000 1.000000
8 1708673090 1.000000 1 1.000000 1.000000 1.000000
8 1708673090 1.000000 1 1.000000 1.000000 1.000000
8 1708673090 1.000000 1 1.000000 1.000000 1.000000
8 1708673091 1.000000 1 1.000000 1.000000 1.000000
8 1708673091 1.000000 1 1.000000 1.000000 1.000000
8 1708673091 1.000000 1 1.000000 1.000000 1.000000
8 1708673091 1.000000 1 1.000000 1.000000 1.000000
8 1708673091 1.000000 1 1.000000 1.000000 1.000000
8 1708673091 1.000000 1 1.000000 1.000000 1.000000
8 1708673091 1.000000 1 1.000000 1.000000 1.000000
8 1708673091 1.000000 1 1.000000 1.000000 1.000000
8 1708673091 1.000000 1 1.000000 1.000000 1.000000
8 1708673091 1.000000 1 1.000000 1.000000 1.000000
8 1708673092 1.000000 1 1.000000 1.000000 1.000000
8 1708673092 1.000000 1 1.000000 1.000000 1.000000
8 1708673092 1.000000 1 1.000000 1.000000 1.000000
8 1708673092 1.000000 1 1.000000 1.000000 1.000000
8 1708673092 1.000000 1 1.000000 1.000000 1.000000
8 1708673092 1.000000 1 1.000000 1.000000 1.000000
8 1708673092 1.000000 1 1.000000 1.000000 1.000000
8 1708673092 1.000000 1 1.000000 1.000000 1.000000
8 1708673092 1.000000 1 1.000000 1.000000 1.000000
8 1708673092 1.000000 1 1.000000 1.000000 1.000000
8 1708673093 1.000000 1 1.000000 1.000000 1.000000
8 1708673093 1.000000 1 1.000000 1.000000 1.000000
8 1708673093 1.000000 1 1.000000 1.000000 1.000000
8 1708673093 1.000000 1 1.000000 1.000000 1.000000
8 1708673093 1.000000 1 1.000000 1.000000 1.000000
8 1708673093 1.000000 1 1.000000 1.000000 1.000000
8 1708673093 1.000000 1 1.000000 1.000000 1.000000
8 1708673093 1.000000 1 1.000000 1.000000 1.000000
8 1708673093 1.000000 1 1.000000 1.000000 1.000000
8 1708673093 1.000000 1 1.000000 1.000000 1.000000
8 1708673093 1.000000 1 1.000000 1.000000 1.000000
8 1708673094 1.000000 1 1.000000 1.000000 1.000000
8 1708673094 1.000000 1 1.000000 1.000000 1.000000
8 1708673094 1.000000 1 1.000000 1.000000 1.000000
8 1708673094 1.000000 1 1.000000 1.000000 1.000000
8 1708673094 1.000000 1 1.000000 1.000000 1.000000
8 1708673094 1.000000 1 1.000000 1.000000 1.000000
8 1708673094 1.000000 1 1.000000 1.000000 1.000000
8 1708673094 1.000000 1 1.000000 1.000000 1.000000
8 1708673094 1.000000 1 1.000000 1.000000 1.000000
8 1708673094 1.000000 1 1.000000 1.000000 1.000000
8 1708673095 1.000000 1 1.000000 1.000000 1.000000
8 1708673095 1.000000 1 1.000000 1.000000 1.000000
8 1708673095 1.000000 1 1.000000 1.000000 1.000000
8 1708673095 1.000000 1 1.000000 1.000000 1.000000
8 1708673095 1.000000 1 1.000000 1.000000 1.000000
8 1708673095 1.000000 1 1.000000 1.000000 1.000000
8 1708673095 1.000000 1 1.000000 1.000000 1.000000
8 1708673095 1.000000 1 1.000000 1.000000 1.000000
8 1708673095 1.000000 1 1.000000 1.000000 1.000000
8 1708673095 1.000000 1 1.000000 1.000000 1.000000
8 1708673095 1.000000 1 1.000000 1.000000 1.000000
8 1708673095 1.000000 1 1.000000 1.000000 1.000000
8 1708673096 1.000000 1 1.000000 1.000000 1.000000
8 1708673096 1.000000 1 1.000000 1.000000 1.000000
8 1708673096 1.000000 1 1.000000 1.000000 1.000000
8 1708673096 1.000000 1 1.000000 1.000000 1.000000
8 1708673096 1.000000 1 1.000000 1.000000 1.000000
8 1708673096 1.000000 1 1.000000 1.000000 1.000000
8 1708673096 1.000000 1 1.000000 1.000000 1.000000
8 1708673096 1.000000 1 1.000000 1.000000 1.000000
8 1708673096 1.000000 1 1.000000 1.000000 1.000000
8 1708673096 1.000000 1 1.000000 1.000000 1.000000
8 1708673096 1.000000 1 1.000000 1.000000 1.000000
8 1708673097 1.000000 1 1.000000 1.000000 1.000000
8 1708673097 1.000000 1 1.000000 1.000000 1.000000
8 1708673097 1.000000 1 1.000000 1.000000 1.000000
8 1708673097 1.000000 1 1.000000 1.000000 1.000000
8 1708673097 1.000000 1 1.000000 1.000000 1.000000
8 1708673097 1.000000 1 1.000000 1.000000 1.000000
8 1708673097 1.000000 1 1.000000 1.000000 1.000000
8 1708673097 1.000000 1 1.000000 1.000000 1.000000
8 1708673097 1.000000 1 1.000000 1.000000 1.000000
8 1708673097 1.000000 1 1.000000 1.000000 1.000000
8 1708673097 1.000000 1 1.000000 1.000000 1.000000
8 1708673097 1.000000 1 1.000000 1.000000 1.000000
8 1708673098 1.000000 1 1.000000 1.000000 1.000000
8 1708673098 1.000000 1 1.000000 1.000000 1.000000
8 1708673098 1.000000 1 1.000000 1.000000 1.000000
8 1708673098 1.000000 1 1.000000 1.000000 1.000000
8 1708673098 1.000000 1 1.000000 1.000000 1.000000
8 1708673098 1.000000 1 1.000000 1.000000 1.000000
8 1708673098 1.000000 1 1.000000 1.000000 1.000000
8 1708673098 1.000000 1 1.000000 1.000000 1.000000
8 1708673098 1.000000 1 1.000000 1.000000 1.000000
8 1708673098 1.000000 1 1.000000 1.000000 1.000000
8 1708673098 1.000000 1 1.000000 1.000000 1.000000
8 1708673098 1.000000 1 1.000000 1.000000 1.000000
8 1708673099 1.000000 1 1.000000 1.000000 1.000000
8 1708673099 1.000000 1 1.000000 1.000000 1.000000
8 1708673099 1.000000 1 1.000000 1.000000 1.000000
8 1708673099 1.000000 1 1.000000 1.000000 1.000000
8 1708673099 1.000000 1 1.000000 1.000000 1.000000
8 1708673099 1.000000 1 1.000000 1.000000 1.000000
8 1708673099 1.000000 1 1.000000 1.000000 1.000000
8 1708673099 1.000000 1 1.000000 1.000000 1.000000
8 1708673099 1.000000 1 1.000000 1.000000 1.000000
8 1708673099 1.000000 1 1.000000 1.000000 1.000000
8 1708673099 1.000000 1 1.000000 1.000000 1.000000
8 1708673100 1.000000 1 1.000000 1.000000 1.000000
8 1708673100 1.000000 1 1.000000 1.000000 1.000000
8 1708673100 1.000000 1 1.000000 1.000000 1.000000
8 1708673100 1.000000 1 1.000000 1.000000 1.000000
8 1708673101 1.000000 1 1.000000 1.000000 1.000000
8 1708673101 1.000000 1 1.000000 1.000000 1.000000
8 1708673101 1.000000 1 1.000000 1.000000 1.000000
8 1708673101 1.000000 1 1.000000 1.000000 1.000000
8 1708673101 1.000000 1 1.000000 1.000000 1.000000
8 1708673101 1.000000 1 1.000000 1.000000 1.000000
8 1708673101 1.000000 1 1.000000 1.000000 1.000000
8 1708673101 1.000000 1 1.000000 1.000000 1.000000
8 1708673101 1.000000 1 1.000000 1.000000 1.000000
8 1708673101 1.000000 1 1.000000 1.000000 1.000000
8 1708673102 1.000000 1 1.000000 1.000000 1.000000
8 1708673102 1.000000 1 1.000000 1.000000 1.000000
8 1708673102 1.000000 1 1.000000 1.000000 1.000000
8 1708673102 1.000000 1 1.000000 1.000000 1.000000
8 1708673102 1.000000 1 1.000000 1.000000 1.000000
8 1708673102 1.000000 1 1.000000 1.000000 1.000000
8 1708673102 1.000000 1 1.000000 1.000000 1.000000
8 1708673102 1.000000 1 1.000000 1.000000 1.000000
8 1708673102 1.000000 1 1.000000 1.000000 1.000000
8 1708673102 1.000000 1 1.000000 1.000000 1.000000
8 1708673103 1.000000 1 1.000000 1.000000 1.000000
8 1708673103 1.000000 1 1.000000 1.000000 1.000000
8 1708673103 1.000000 1 1.000000 1.000000 1.000000
8 1708673103 1.000000 1 1.000000 1.000000 1.000000
8 1708673103 1.000000 1 1.000000 1.000000 1.000000
8 1708673103 1.000000 1 1.000000 1.000000 1.000000
8 1708673103 1.000000 1 1.000000 1.000000 1.000000
8 1708673103 1.000000 1 1.000000 1.000000 1.000000
8 1708673103 1.000000 1 1.000000 1.000000 1.000000
8 1708673103 1.000000 1 1.000000 1.000000 1.000000
8 1708673103 1.000000 1 1.000000 1.000000 1.000000
8 1708673104 1.000000 1 1.000000 1.000000 1.000000
8 1708673104 1.000000 1 1.000000 1.000000 1.000000
8 1708673104 1.000000 1 1.000000 1.000000 1.000000
8 1708673104 1.000000 1 1.000000 1.000000 1.000000
8 1708673104 1.000000 1 1.000000 1.000000 1.000000
8 1708673104 1.000000 1 1.000000 1.000000 1.000000
8 1708673104 1.000000 1 1.000000 1.000000 1.000000
8 1708673104 1.000000 1 1.000000 1.000000 1.000000
8 1708673104 1.000000 1 1.000000 1.000000 1.000000
8 1708673104 1.000000 1 1.000000 1.000000 1.000000
8 1708673104 1.000000 1 1.000000 1.000000 1.000000
8 1708673104 1.000000 1 1.000000 1.000000 1.000000
8 1708673105 1.000000 1 1.000000 1.000000 1.000000
8 1708673105 1.000000 1 1.000000 1.000000 1.000000
8 1708673105 1.000000 1 1.000000 1.000000 1.000000
8 1708673105 1.000000 1 1.000000 1.000000 1.000000
8 1708673105 1.000000 1 1.000000 1.000000 1.000000
8 1708673105 1.000000 1 1.000000 1.000000 1.000000
8 1708673105 1.000000 1 1.000000 1.000000 1.000000
8 1708673105 1.000000 1 1.000000 1.000000 1.000000
8 1708673105 1.000000 1 1.000000 1.000000 1.000000
8 1708673105 1.000000 1 1.000000 1.000000 1.000000
8 1708673105 1.000000 1 1.000000 1.000000 1.000000
8 1708673106 1.000000 1 1.000000 1.000000 1.000000
8 1708673106 1.000000 1 1.000000 1.000000 1.000000
8 1708673106 1.000000 1 1.000000 1.000000 1.000000
8 1708673106 1.000000 1 1.000000 1.000000 1.000000
8 1708673106 1.000000 1 1.000000 1.000000 1.000000
8 1708673106 1.000000 1 1.000000 1.000000 1.000000
8 1708673106 1.000000 1 1.000000 1.000000 1.000000
8 1708673106 1.000000 1 1.000000 1.000000 1.000000
8 1708673106 1.000000 1 1.000000 1.000000 1.000000
8 1708673106 1.000000 1 1.000000 1.000000 1.000000
8 1708673107 1.000000 1 1.000000 1.000000 1.000000
8 1708673107 1.000000 1 1.000000 1.000000 1.000000
8 1708673107 1.000000 1 1.000000 1.000000 1.000000
8 1708673107 1.000000 1 1.000000 1.000000 1.000000
8 1708673107 1.000000 1 1.000000 1.000000 1.000000
8 1708673107 1.000000 1 1.000000 1.000000 1.000000
8 1708673107 1.000000 1 1.000000 1.000000 1.000000
8 1708673107 1.000000 1 1.000000 1.000000 1.000000
8 1708673107 1.000000 1 1.000000 1.000000 1.000000
8 1708673107 1.000000 1 1.000000 1.000000 1.000000
8 1708673107 1.000000 1 1.000000 1.000000 1.000000
8 1708673108 1.000000 1 1.000000 1.000000 1.000000
8 1708673108 1.000000 1 1.000000 1.000000 1.000000
8 1708673108 1.000000 1 1.000000 1.000000 1.000000
8 1708673108 1.000000 1 1.000000 1.000000 1.000000
8 1708673108 1.000000 1 1.000000 1.000000 1.000000
8 1708673108 1.000000 1 1.000000 1.000000 1.000000
8 1708673108 1.000000 1 1.000000 1.000000 1.000000
8 1708673108 1.000000 1 1.000000 1.000000 1.000000
8 1708673108 1.000000 1 1.000000 1.000000 1.000000
8 1708673108 1.000000 1 1.000000 1.000000 1.000000
8 1708673108 1.000000 1 1.000000 1.000000 1.000000
8 1708673108 1.000000 1 1.000000 1.000000 1.000000
8 1708673109 1.000000 1 1.000000 1.000000 1.000000
8 1708673109 1.000000 1 1.000000 1.000000 1.000000
8 1708673109 1.000000 1 1.000000 1.000000 1.000000
8 1708673109 1.000000 1 1.000000 1.000000 1.000000
8 1708673109 1.000000 1 1.000000 1.000000 1.000000
8 1708673109 1.000000 1 1.000000 1.000000 1.000000
8 1708673109 1.000000 1 1.000000 1.000000 1.000000
8 1708673109 1.000000 1 1.000000 1.000000 1.000000
8 1708673109 1.000000 1 1.000000 1.000000 1.000000
8 1708673109 1.000000 1 1.000000 1.000000 1.000000
8 1708673109 1.000000 1 1.000000 1.000000 1.000000
8 1708673110 1.000000 1 1.000000 1.000000 1.000000
8 1708673110 1.000000 1 1.000000 1.000000 1.000000
8 1708673110 1.000000 1 1.000000 1.000000 1.000000
8 1708673110 1.000000 1 1.000000 1.000000 1.000000
8 1708673110 1.000000 1 1.000000 1.000000 1.000000
8 1708673110 1.000000 1 1.000000 1.000000 1.000000
8 1708673110 1.000000 1 1.000000 1.000000 1.000000
8 1708673110 1.000000 1 1.000000 1.000000 1.000000
8 1708673110 1.000000 1 1.000000 1.000000 1.000000
8 1708673110 1.000000 1 1.000000 1.000000 1.000000
8 1708673111 1.000000 1 1.000000 1.000000 1.000000
8 1708673111 1.000000 1 1.000000 1.000000 1.000000
8 1708673111 1.000000 1 1.000000 1.000000 1.000000
8 1708673111 1.000000 1 1.000000 1.000000 1.000000
8 1708673111 1.000000 1 1.000000 1.000000 1.000000
8 1708673111 1.000000 1 1.000000 1.000000 1.000000
8 1708673111 1.000000 1 1.000000 1.000000 1.000000
8 1708673111 1.000000 1 1.000000 1.000000 1.000000
8 1708673111 1.000000 1 1.000000 1.000000 1.000000
8 1708673111 1.000000 1 1.000000 1.000000 1.000000
8 1708673111 1.000000 1 1.000000 1.000000 1.000000
8 1708673112 1.000000 1 1.000000 1.000000 1.000000
8 1708673112 1.000000 1 1.000000 1.000000 1.000000
8 1708673112 1.000000 1 1.000000 1.000000 1.000000
8 1708673112 1.000000 1 1.000000 1.000000 1.000000
8 1708673112 1.000000 1 1.000000 1.000000 1.000000
8 1708673112 1.000000 1 1.000000 1.000000 1.000000
8 1708673112 1.000000 1 1.000000 1.000000 1.000000
8 1708673112 1.000000 1 1.000000 1.000000 1.000000
8 1708673112 1.000000 1 1.000000 1.000000 1.000000
8 1708673112 1.000000 1 1.000000 1.000000 1.000000
8 1708673113 1.000000 1 1.000000 1.000000 1.000000
8 1708673113 1.000000 1 1.000000 1.000000 1.000000
8 1708673113 1.000000 1 1.000000 1.000000 1.000000
8 1708673113 1.000000 1 1.000000 1.000000 1.000000
8 1708673113 1.000000 1 1.000000 1.000000 1.000000
8 1708673113 1.000000 1 1.000000 1.000000 1.000000
8 1708673113 1.000000 1 1.000000 1.000000 1.000000
8 1708673113 1.000000 1 1.000000 1.000000 1.000000
8 1708673113 1.000000 1 1.000000 1.000000 1.000000
8 1708673113 1.000000 1 1.000000 1.000000 1.000000
8 1708673113 1.000000 1 1.000000 1.000000 1.000000
8 1708673113 1.000000 1 1.000000 1.000000 1.000000
8 1708673114 1.000000 1 1.000000 1.000000 1.000000
8 1708673114 1.000000 1 1.000000 1.000000 1.000000
8 1708673114 1.000000 1 1.000000 1.000000 1.000000
8 1708673114 1.000000 1 1.000000 1.000000 1.000000
8 1708673114 1.000000 1 1.000000 1.000000 1.000000
8 1708673114 1.000000 1 1.000000 1.000000 1.000000
8 1708673114 1.000000 1 1.000000 1.000000 1.000000
8 1708673114 1.000000 1 1.000000 1.000000 1.000000
8 1708673114 1.000000 1 1.000000 1.000000 1.000000
8 1708673114 1.000000 1 1.000000 1.000000 1.000000
8 1708673114 1.000000 1 1.000000 1.000000 1.000000
8 1708673115 1.000000 1 1.000000 1.000000 1.000000
8 1708673115 1.000000 1 1.000000 1.000000 1.000000
8 1708673115 1.000000 1 1.000000 1.000000 1.000000
8 1708673115 1.000000 1 1.000000 1.000000 1.000000
8 1708673115 1.000000 1 1.000000 1.000000 1.000000
8 1708673115 1.000000 1 1.000000 1.000000 1.000000
8 1708673115 1.000000 1 1.000000 1.000000 1.000000
8 1708673115 1.000000 1 1.000000 1.000000 1.000000
8 1708673115 1.000000 1 1.000000 1.000000 1.000000
8 1708673116 1.000000 1 1.000000 1.000000 1.000000
8 1708673116 1.000000 1 1.000000 1.000000 1.000000
8 1708673116 1.000000 1 1.000000 1.000000 1.000000
8 1708673116 1.000000 1 1.000000 1.000000 1.000000
8 1708673116 1.000000 1 1.000000 1.000000 1.000000
8 1708673116 1.000000 1 1.000000 1.000000 1.000000
8 1708673116 1.000000 1 1.000000 1.000000 1.000000
8 1708673116 1.000000 1 1.000000 1.000000 1.000000
8 1708673116 1.000000 1 1.000000 1.000000 1.000000
8 1708673116 1.000000 1 1.000000 1.000000 1.000000
8 1708673116 1.000000 1 1.000000 1.000000 1.000000
8 1708673116 1.000000 1 1.000000 1.000000 1.000000
8 1708673117 1.000000 1 1.000000 1.000000 1.000000
8 1708673117 1.000000 1 1.000000 1.000000 1.000000
26 1708673138 1.000000 1 1.000000 1.000000 1.000000
26 1708673138 1.000000 1 1.000000 1.000000 1.000000
26 1708673138 1.000000 1 1.000000 1.000000 1.000000
26 1708673138 1.000000 1 1.000000 1.000000 1.000000
8 1708673138 1.000000 1 1.000000 1.000000 1.000000
8 1708673138 1.000000 1 1.000000 1.000000 1.000000
8 1708673138 1.000000 1 1.000000 1.000000 1.000000
28 1708673139 1.000000 1 1.000000 1.000000 1.000000
8 1708673139 1.000000 1 1.000000 1.000000 1.000000
8 1708673139 1.000000 1 1.000000 1.000000 1.000000
8 1708673139 1.000000 1 1.000000 1.000000 1.000000
8 1708673139 1.000000 1 1.000000 1.000000 1.000000
8 1708673139 1.000000 1 1.000000 1.000000 1.000000
8 1708673139 1.000000 1 1.000000 1.000000 1.000000
8 1708673139 1.000000 1 1.000000 1.000000 1.000000
8 1708673139 1.000000 1 1.000000 1.000000 1.000000
8 1708673139 1.000000 1 1.000000 1.000000 1.000000
8 1708673140 1.000000 1 1.000000 1.000000 1.000000
8 1708673140 1.000000 1 1.000000 1.000000 1.000000
8 1708673140 1.000000 1 1.000000 1.000000 1.000000
8 1708673140 1.000000 1 1.000000 1.000000 1.000000
8 1708673140 1.000000 1 1.000000 1.000000 1.000000
30 1708673140 1.000000 1 1.000000 1.000000 1.000000
8 1708673140 1.000000 1 1.000000 1.000000 1.000000
8 1708673140 1.000000 1 1.000000 1.000000 1.000000
8 1708673140 1.000000 1 1.000000 1.000000 1.000000
8 1708673141 1.000000 1 1.000000 1.000000 1.000000
8 1708673141 1.000000 1 1.000000 1.000000 1.000000
8 1708673141 1.000000 1 1.000000 1.000000 1.000000
8 1708673141 1.000000 1 1.000000 1.000000 1.000000
8 1708673141 1.000000 1 1.000000 1.000000 1.000000
8 1708673141 1.000000 1 1.000000 1.000000 1.000000
8 1708673141 1.000000 1 1.000000 1.000000 1.000000
8 1708673141 1.000000 1 1.000000 1.000000 1.000000
8 1708673141 1.000000 1 1.000000 1.000000 1.000000
8 1708673141 1.000000 1 1.000000 1.000000 1.000000
8 1708673142 1.000000 1 1.000000 1.000000 1.000000
8 1708673142 1.000000 1 1.000000 1.000000 1.000000
8 1708673142 1.000000 1 1.000000 1.000000 1.000000
8 1708673142 1.000000 1 1.000000 1.000000 1.000000
8 1708673142 1.000000 1 1.000000 1.000000 1.000000
8 1708673142 1.000000 1 1.000000 1.000000 1.000000
8 1708673142 1.000000 1 1.000000 1.000000 1.000000
8 1708673142 1.000000 1 1.000000 1.000000 1.000000
8 1708673142 1.000000 1 1.000000 1.000000 1.000000
8 1708673142 1.000000 1 1.000000 1.000000 1.000000
8 1708673142 1.000000 1 1.000000 1.000000 1.000000
8 1708673143 1.000000 1 1.000000 1.000000 1.000000
8 1708673143 1.000000 1 1.000000 1.000000 1.000000
8 1708673143 1.000000 1 1.000000 1.000000 1.000000
8 1708673143 1.000000 1 1.000000 1.000000 1.000000
8 1708673143 1.000000 1 1.000000 1.000000 1.000000
8 1708673143 1.000000 1 1.000000 1.000000 1.000000
8 1708673143 1.000000 1 1.000000 1.000000 1.000000
8 1708673143 1.000000 1 1.000000 1.000000 1.000000
8 1708673143 1.000000 1 1.000000 1.000000 1.000000
8 1708673143 1.000000 1 1.000000 1.000000 1.000000
8 1708673143 1.000000 1 1.000000 1.000000 1.000000
8 1708673143 1.000000 1 1.000000 1.000000 1.000000
8 1708673144 1.000000 1 1.000000 1.000000 1.000000
8 1708673144 1.000000 1 1.000000 1.000000 1.000000
8 1708673144 1.000000 1 1.000000 1.000000 1.000000
8 1708673144 1.000000 1 1.000000 1.000000 1.000000
8 1708673144 1.000000 1 1.000000 1.000000 1.000000
8 1708673144 1.000000 1 1.000000 1.000000 1.000000
8 1708673144 1.000000 1 1.000000 1.000000 1.000000
8 1708673144 1.000000 1 1.000000 1.000000 1.000000
8 1708673144 1.000000 1 1.000000 1.000000 1.000000
8 1708673144 1.000000 1 1.000000 1.000000 1.000000
8 1708673144 1.000000 1 1.000000 1.000000 1.000000
8 1708673144 1.000000 1 1.000000 1.000000 1.000000
8 1708673145 1.000000 1 1.000000 1.000000 1.000000
8 1708673145 1.000000 1 1.000000 1.000000 1.000000
8 1708673145 1.000000 1 1.000000 1.000000 1.000000
8 1708673145 1.000000 1 1.000000 1.000000 1.000000
8 1708673145 1.000000 1 1.000000 1.000000 1.000000
8 1708673145 1.000000 1 1.000000 1.000000 1.000000
8 1708673145 1.000000 1 1.000000 1.000000 1.000000
8 1708673145 1.000000 1 1.000000 1.000000 1.000000
8 1708673145 1.000000 1 1.000000 1.000000 1.000000
8 1708673145 1.000000 1 1.000000 1.000000 1.000000
8 1708673145 1.000000 1 1.000000 1.000000 1.000000
8 1708673145 1.000000 1 1.000000 1.000000 1.000000
8 1708673146 1.000000 1 1.000000 1.000000 1.000000
8 1708673146 1.000000 1 1.000000 1.000000 1.000000
8 1708673146 1.000000 1 1.000000 1.000000 1.000000
8 1708673146 1.000000 1 1.000000 1.000000 1.000000
8 1708673146 1.000000 1 1.000000 1.000000 1.000000
8 1708673146 1.000000 1 1.000000 1.000000 1.000000
8 1708673146 1.000000 1 1.000000 1.000000 1.000000
8 1708673146 1.000000 1 1.000000 1.000000 1.000000
8 1708673146 1.000000 1 1.000000 1.000000 1.000000
8 1708673146 1.000000 1 1.000000 1.000000 1.000000
8 1708673146 1.000000 1 1.000000 1.000000 1.000000
8 1708673147 1.000000 1 1.000000 1.000000 1.000000
8 1708673147 1.000000 1 1.000000 1.000000 1.000000
8 1708673147 1.000000 1 1.000000 1.000000 1.000000
8 1708673147 1.000000 1 1.000000 1.000000 1.000000
8 1708673147 1.000000 1 1.000000 1.000000 1.000000
8 1708673147 1.000000 1 1.000000 1.000000 1.000000
8 1708673147 1.000000 1 1.000000 1.000000 1.000000
8 1708673147 1.000000 1 1.000000 1.000000 1.000000
8 1708673147 1.000000 1 1.000000 1.000000 1.000000
8 1708673147 1.000000 1 1.000000 1.000000 1.000000
8 1708673147 1.000000 1 1.000000 1.000000 1.000000
8 1708673147 1.000000 1 1.000000 1.000000 1.000000
8 1708673148 1.000000 1 1.000000 1.000000 1.000000
8 1708673148 1.000000 1 1.000000 1.000000 1.000000
8 1708673148 1.000000 1 1.000000 1.000000 1.000000
8 1708673148 1.000000 1 1.000000 1.000000 1.000000
8 1708673148 1.000000 1 1.000000 1.000000 1.000000
8 1708673148 1.000000 1 1.000000 1.000000 1.000000
8 1708673148 1.000000 1 1.000000 1.000000 1.000000
8 1708673148 1.000000 1 1.000000 1.000000 1.000000
8 1708673148 1.000000 1 1.000000 1.000000 1.000000
8 1708673149 1.000000 1 1.000000 1.000000 1.000000
8 1708673149 1.000000 1 1.000000 1.000000 1.000000
8 1708673149 1.000000 1 1.000000 1.000000 1.000000
8 1708673149 1.000000 1 1.000000 1.000000 1.000000
8 1708673149 1.000000 1 1.000000 1.000000 1.000000
8 1708673149 1.000000 1 1.000000 1.000000 1.000000
8 1708673149 1.000000 1 1.000000 1.000000 1.000000
8 1708673149 1.000000 1 1.000000 1.000000 1.000000
8 1708673149 1.000000 1 1.000000 1.000000 1.000000
8 1708673149 1.000000 1 1.000000 1.000000 1.000000
8 1708673149 1.000000 1 1.000000 1.000000 1.000000
8 1708673149 1.000000 1 1.000000 1.000000 1.000000
8 1708673150 1.000000 1 1.000000 1.000000 1.000000
8 1708673150 1.000000 1 1.000000 1.000000 1.000000
8 1708673150 1.000000 1 1.000000 1.000000 1.000000
8 1708673150 1.000000 1 1.000000 1.000000 1.000000
8 1708673150 1.000000 1 1.000000 1.000000 1.000000
8 1708673150 1.000000 1 1.000000 1.000000 1.000000
8 1708673150 1.000000 1 1.000000 1.000000 1.000000
8 1708673150 1.000000 1 1.000000 1.000000 1.000000
8 1708673150 1.000000 1 1.000000 1.000000 1.000000
8 1708673150 1.000000 1 1.000000 1.000000 1.000000
8 1708673150 1.000000 1 1.000000 1.000000 1.000000
8 1708673150 1.000000 1 1.000000 1.000000 1.000000
8 1708673151 1.000000 1 1.000000 1.000000 1.000000
8 1708673151 1.000000 1 1.000000 1.000000 1.000000
8 1708673151 1.000000 1 1.000000 1.000000 1.000000
8 1708673151 1.000000 1 1.000000 1.000000 1.000000
8 1708673151 1.000000 1 1.000000 1.000000 1.000000
8 1708673151 1.000000 1 1.000000 1.000000 1.000000
8 1708673151 1.000000 1 1.000000 1.000000 1.000000
8 1708673151 1.000000 1 1.000000 1.000000 1.000000
8 1708673151 1.000000 1 1.000000 1.000000 1.000000
8 1708673151 1.000000 1 1.000000 1.000000 1.000000
8 1708673151 1.000000 1 1.000000 1.000000 1.000000
8 1708673151 1.000000 1 1.000000 1.000000 1.000000
8 1708673152 1.000000 1 1.000000 1.000000 1.000000
8 1708673152 1.000000 1 1.000000 1.000000 1.000000
8 1708673152 1.000000 1 1.000000 1.000000 1.000000
8 1708673152 1.000000 1 1.000000 1.000000 1.000000
8 1708673152 1.000000 1 1.000000 1.000000 1.000000
8 1708673152 1.000000 1 1.000000 1.000000 1.000000
8 1708673152 1.000000 1 1.000000 1.000000 1.000000
8 1708673152 1.000000 1 1.000000 1.000000 1.000000
8 1708673152 1.000000 1 1.000000 1.000000 1.000000
8 1708673152 1.000000 1 1.000000 1.000000 1.000000
8 1708673152 1.000000 1 1.000000 1.000000 1.000000
8 1708673152 1.000000 1 1.000000 1.000000 1.000000
8 1708673153 1.000000 1 1.000000 1.000000 1.000000
8 1708673153 1.000000 1 1.000000 1.000000 1.000000
8 1708673153 1.000000 1 1.000000 1.000000 1.000000
8 1708673153 1.000000 1 1.000000 1.000000 1.000000
8 1708673153 1.000000 1 1.000000 1.000000 1.000000
8 1708673153 1.000000 1 1.000000 1.000000 1.000000
8 1708673153 1.000000 1 1.000000 1.000000 1.000000
8 1708673153 1.000000 1 1.000000 1.000000 1.000000
8 1708673153 1.000000 1 1.000000 1.000000 1.000000
8 1708673153 1.000000 1 1.000000 1.000000 1.000000
8 1708673153 1.000000 1 1.000000 1.000000 1.000000
8 1708673153 1.000000 1 1.000000 1.000000 1.000000
8 1708673154 1.000000 1 1.000000 1.000000 1.000000
8 1708673154 1.000000 1 1.000000 1.000000 1.000000
8 1708673154 1.000000 1 1.000000 1.000000 1.000000
8 1708673154 1.000000 1 1.000000 1.000000 1.000000
8 1708673154 1.000000 1 1.000000 1.000000 1.000000
8 1708673154 1.000000 1 1.000000 1.000000 1.000000
8 1708673154 1.000000 1 1.000000 1.000000 1.000000
8 1708673154 1.000000 1 1.000000 1.000000 1.000000
8 1708673154 1.000000 1 1.000000 1.000000 1.000000
8 1708673154 1.000000 1 1.000000 1.000000 1.000000
8 1708673155 1.000000 1 1.000000 1.000000 1.000000
8 1708673155 1.000000 1 1.000000 1.000000 1.000000
8 1708673155 1.000000 1 1.000000 1.000000 1.000000
8 1708673155 1.000000 1 1.000000 1.000000 1.000000
8 1708673155 1.000000 1 1.000000 1.000000 1.000000
8 1708673155 1.000000 1 1.000000 1.000000 1.000000
8 1708673155 1.000000 1 1.000000 1.000000 1.000000
8 1708673155 1.000000 1 1.000000 1.000000 1.000000
8 1708673155 1.000000 1 1.000000 1.000000 1.000000
8 1708673155 1.000000 1 1.000000 1.000000 1.000000
8 1708673155 1.000000 1 1.000000 1.000000 1.000000
8 1708673156 1.000000 1 1.000000 1.000000 1.000000
8 1708673156 1.000000 1 1.000000 1.000000 1.000000
8 1708673156 1.000000 1 1.000000 1.000000 1.000000
8 1708673156 1.000000 1 1.000000 1.000000 1.000000
8 1708673156 1.000000 1 1.000000 1.000000 1.000000
8 1708673156 1.000000 1 1.000000 1.000000 1.000000
8 1708673156 1.000000 1 1.000000 1.000000 1.000000
8 1708673156 1.000000 1 1.000000 1.000000 1.000000
8 1708673157 1.000000 1 1.000000 1.000000 1.000000
8 1708673157 1.000000 1 1.000000 1.000000 1.000000
8 1708673157 1.000000 1 1.000000 1.000000 1.000000
8 1708673157 1.000000 1 1.000000 1.000000 1.000000
8 1708673157 1.000000 1 1.000000 1.000000 1.000000
8 1708673157 1.000000 1 1.000000 1.000000 1.000000
8 1708673157 1.000000 1 1.000000 1.000000 1.000000
8 1708673157 1.000000 1 1.000000 1.000000 1.000000
8 1708673158 1.000000 1 1.000000 1.000000 1.000000
8 1708673158 1.000000 1 1.000000 1.000000 1.000000
8 1708673158 1.000000 1 1.000000 1.000000 1.000000
8 1708673158 1.000000 1 1.000000 1.000000 1.000000
8 1708673158 1.000000 1 1.000000 1.000000 1.000000
8 1708673158 1.000000 1 1.000000 1.000000 1.000000
8 1708673158 1.000000 1 1.000000 1.000000 1.000000
8 1708673158 1.000000 1 1.000000 1.000000 1.000000
8 1708673158 1.000000 1 1.000000 1.000000 1.000000
8 1708673159 1.000000 1 1.000000 1.000000 1.000000
8 1708673159 1.000000 1 1.000000 1.000000 1.000000
8 1708673159 1.000000 1 1.000000 1.000000 1.000000
8 1708673159 1.000000 1 1.000000 1.000000 1.000000
8 1708673159 1.000000 1 1.000000 1.000000 1.000000
8 1708673159 1.000000 1 1.000000 1.000000 1.000000
8 1708673159 1.000000 1 1.000000 1.000000 1.000000
8 1708673159 1.000000 1 1.000000 1.000000 1.000000
8 1708673160 1.000000 1 1.000000 1.000000 1.000000
8 1708673160 1.000000 1 1.000000 1.000000 1.000000
8 1708673160 1.000000 1 1.000000 1.000000 1.000000
8 1708673160 1.000000 1 1.000000 1.000000 1.000000
8 1708673160 1.000000 1 1.000000 1.000000 1.000000
8 1708673160 1.000000 1 1.000000 1.000000 1.000000
8 1708673160 1.000000 1 1.000000 1.000000 1.000000
8 1708673160 1.000000 1 1.000000 1.000000 1.000000
8 1708673161 1.000000 1 1.000000 1.000000 1.000000
8 1708673161 1.000000 1 1.000000 1.000000 1.000000
8 1708673161 1.000000 1 1.000000 1.000000 1.000000
8 1708673161 1.000000 1 1.000000 1.000000 1.000000
8 1708673161 1.000000 1 1.000000 1.000000 1.000000
8 1708673161 1.000000 1 1.000000 1.000000 1.000000
8 1708673161 1.000000 1 1.000000 1.000000 1.000000
8 1708673162 1.000000 1 1.000000 1.000000 1.000000
8 1708673162 1.000000 1 1.000000 1.000000 1.000000
8 1708673162 1.000000 1 1.000000 1.000000 1.000000
8 1708673162 1.000000 1 1.000000 1.000000 1.000000
8 1708673162 1.000000 1 1.000000 1.000000 1.000000
8 1708673162 1.000000 1 1.000000 1.000000 1.000000
8 1708673162 1.000000 1 1.000000 1.000000 1.000000
8 1708673162 1.000000 1 1.000000 1.000000 1.000000
8 1708673163 1.000000 1 1.000000 1.000000 1.000000
8 1708673163 1.000000 1 1.000000 1.000000 1.000000
8 1708673163 1.000000 1 1.000000 1.000000 1.000000
8 1708673163 1.000000 1 1.000000 1.000000 1.000000
8 1708673163 1.000000 1 1.000000 1.000000 1.000000
8 1708673163 1.000000 1 1.000000 1.000000 1.000000
8 1708673163 1.000000 1 1.000000 1.000000 1.000000
8 1708673163 1.000000 1 1.000000 1.000000 1.000000
8 1708673164 1.000000 1 1.000000 1.000000 1.000000
8 1708673164 1.000000 1 1.000000 1.000000 1.000000
8 1708673164 1.000000 1 1.000000 1.000000 1.000000
8 1708673164 1.000000 1 1.000000 1.000000 1.000000
8 1708673164 1.000000 1 1.000000 1.000000 1.000000
8 1708673164 1.000000 1 1.000000 1.000000 1.000000
8 1708673165 1.000000 1 1.000000 1.000000 1.000000
8 1708673165 1.000000 1 1.000000 1.000000 1.000000
8 1708673165 1.000000 1 1.000000 1.000000 1.000000
8 1708673165 1.000000 1 1.000000 1.000000 1.000000
8 1708673165 1.000000 1 1.000000 1.000000 1.000000
8 1708673165 1.000000 1 1.000000 1.000000 1.000000
8 1708673166 1.000000 1 1.000000 1.000000 1.000000
8 1708673166 1.000000 1 1.000000 1.000000 1.000000
8 1708673166 1.000000 1 1.000000 1.000000 1.000000
8 1708673166 1.000000 1 1.000000 1.000000 1.000000
8 1708673166 1.000000 1 1.000000 1.000000 1.000000
8 1708673166 1.000000 1 1.000000 1.000000 1.000000
8 1708673167 1.000000 1 1.000000 1.000000 1.000000
8 1708673167 1.000000 1 1.000000 1.000000 1.000000
8 1708673167 1.000000 1 1.000000 1.000000 1.000000
8 1708673167 1.000000 1 1.000000 1.000000 1.000000
8 1708673167 1.000000 1 1.000000 1.000000 1.000000
8 1708673168 1.000000 1 1.000000 1.000000 1.000000
8 1708673168 1.000000 1 1.000000 1.000000 1.000000
8 1708673168 1.000000 1 1.000000 1.000000 1.000000
8 1708673168 1.000000 1 1.000000 1.000000 1.000000
8 1708673168 1.000000 1 1.000000 1.000000 1.000000
8 1708673168 1.000000 1 1.000000 1.000000 1.000000
8 1708673169 1.000000 1 1.000000 1.000000 1.000000
8 1708673169 1.000000 1 1.000000 1.000000 1.000000
8 1708673169 1.000000 1 1.000000 1.000000 1.000000
8 1708673169 1.000000 1 1.000000 1.000000 1.000000
8 1708673170 1.000000 1 1.000000 1.000000 1.000000
8 1708673170 1.000000 1 1.000000 1.000000 1.000000
8 1708673170 1.000000 1 1.000000 1.000000 1.000000
8 1708673170 1.000000 1 1.000000 1.000000 1.000000
8 1708673171 1.000000 1 1.000000 1.000000 1.000000
8 1708673171 1.000000 1 1.000000 1.000000 1.000000
8 1708673171 1.000000 1 1.000000 1.000000 1.000000
8 1708673171 1.000000 1 1.000000 1.000000 1.000000
8 1708673172 1.000000 1 1.000000 1.000000 1.000000
8 1708673172 1.000000 1 1.000000 1.000000 1.000000
8 1708673172 1.000000 1 1.000000 1.000000 1.000000
8 1708673172 1.000000 1 1.000000 1.000000 1.000000
8 1708673173 1.000000 1 1.000000 1.000000 1.000000
8 1708673173 1.000000 1 1.000000 1.000000 1.000000
8 1708673173 1.000000 1 1.000000 1.000000 1.000000
8 1708673173 1.000000 1 1.000000 1.000000 1.000000
8 1708673174 1.000000 1 1.000000 1.000000 1.000000
8 1708673174 1.000000 1 1.000000 1.000000 1.000000
8 1708673175 1.000000 1 1.000000 1.000000 1.000000
8 1708673175 1.000000 1 1.000000 1.000000 1.000000
8 1708673176 1.000000 1 1.000000 1.000000 1.000000
8 1708673176 1.000000 1 1.000000 1.000000 1.000000
8 1708673177 1.000000 1 1.000000 1.000000 1.000000
8 1708673178 1.000000 1 1.000000 1.000000 1.000000
